# eps= 0.003473237517326805, n_shot= 2048, n_iter=1, n_sample=2000
2.0  9.1023248958851255e-01
4.0  3.2108490461725125e-01
6.0  1.0981801950957681e-01
8.0  1.8888050246389554e-01
10.0  9.4435839869349891e-02
20.0  6.4880670960846487e-02
30.0  4.6830350685377553e-02
40.0  5.5133844650690378e-02
50.0  3.9492895147372309e-02
60.0  4.4573956215444355e-02
70.0  3.9855696281136943e-02
80.0  6.1368804487717199e-02
90.0  1.4612585589588889e-02
100.0  2.8110391095641063e-02
200.0  3.1673275194568973e-02
300.0  1.0624156255975237e-02
400.0  1.1623743412787491e-02
500.0  1.0307502353388287e-02
600.0  1.3104112336783658e-03
700.0  8.4722737388709390e-04
800.0  5.6922719164695934e-03
900.0  1.0079022035114349e-04
1000.0  6.6461444337964082e-03
2000.0  4.8740774397746378e-03
3000.0  5.4190463123475752e-03
4000.0  1.7710742366325860e-03
5000.0  3.0133886502561325e-03
10000.0  1.1932436215129627e-03
