# from exact gaussian
1.2829328000000002  1.6611240327144827e-01
2.5658656000000004  1.4482266259176768e-01
3.8487984000000006  1.3795091409857818e-01
5.131731200000001  1.3366719602010235e-01
6.414664  1.2906264451421023e-01
7.6975967999999995  1.2382115932947002e-01
8.9805296  1.1804883630906104e-01
10.263462400000002  1.1189166564456343e-01
11.546395200000001  1.0548932495765584e-01
12.829328  9.8969014965316404e-02
14.112260800000001  9.2443056231516607e-02
15.395193600000002  8.6007614585550840e-02
16.678126400000004  7.9742167178252998e-02
17.9610592  7.3709577934561565e-02
19.243992000000002  6.7956751327077569e-02
20.526924800000003  6.2515832636890423e-02
21.809857600000004  5.7405867259284094e-02
23.092790400000005  5.2634773170854743e-02
24.375723200000003  4.8201451474273682e-02
25.658656  4.4097867233510613e-02
26.9415888  4.0310967273509135e-02
28.224521600000003  3.6824348252704198e-02
29.507454400000004  3.3619634127781239e-02
30.790387200000005  3.0677559241400587e-02
32.07332000000001  2.7978778791318604e-02
33.3562528  2.5504442938679261e-02
34.639185600000005  2.3236576558371524e-02
35.9221184  2.1158306350145040e-02
37.20505120000001  1.9253973156363458e-02
38.487984000000004  1.7509161738587409e-02
39.7709168  1.5910674212374687e-02
41.05384960000001  1.4446467582605038e-02
42.336782400000004  1.3105570749658568e-02
43.61971520000001  1.1877992112037106e-02
44.902648000000006  1.0754625477577662e-02
46.185580800000004  9.7271593382188826e-03
47.4685136  8.7879925589753327e-03
48.751446400000006  7.9301580678006189e-03
50.034379200000004  7.1472551041402710e-03
51.317312  6.4333898959709757e-03
52.6002448  5.7831242076424871e-03
53.8831776  5.1914309657021818e-03
55.1661104  4.6536560730601195e-03
56.44904319999999  4.1654855179515948e-03
57.731976  3.7229169399566331e-03
59.01490879999999  3.3222349035995080e-03
60.297841600000005  2.9599892330161026e-03
61.580774399999996  2.6329758652110513e-03
62.86370720000001  2.3382197761421253e-03
64.14664  2.0729596198130196e-03
65.4295728  1.8346337921961720e-03
66.7125056  1.6208676912299325e-03
67.9954384  1.4294619902237571e-03
69.27837120000001  1.2583817788005547e-03
70.561304  1.1057464532129302e-03
71.84423679999999  9.6982025941372285e-04
73.1271696  8.4900340883820036e-04
74.4101024  7.4182370029163280e-04
75.69303520000001  6.4692859186976648e-04
76.975968  5.6307767629704131e-04
78.25890079999999  4.8913552081941702e-04
