# time_max= 540, n_shot= 2048, n_iter=30, n_sample=81920
12.0  2.0699236453285450e+00
30.0  5.3338354223835249e-01
48.0  1.7978820488234346e-01
64.0  7.6290670507204476e-03
80.0  2.0737093898760176e-01
100.0  1.0598490497802859e-01
130.0  5.4748977935783198e-02
164.0  1.0653460331156749e-01
248.0  1.1270456604328172e-01
330.0  6.4725668736713149e-02
412.0  4.3017977039560271e-02
500.0  3.0443409534744840e-02
580.0  2.3117964843566145e-02
664.0  1.8228077818540158e-02
748.0  1.5507443541869368e-02
830.0  1.2300758688378719e-02
#2000.0  4.5604297390384203e-03
#3000.0  3.6050124368669063e-03
#4000.0  3.4206783225500343e-03
#5000.0  3.4481586037134076e-03
