# beta= 1.6, n_shot= 2048, n_iter= 30, nmc= 16384
12.0  1.3711704876707167e+01
28.0  1.0141213874082877e+00
42.0  1.6306560424053929e-01
60.0  1.9067637699456578e-02
72.0  1.1022112923536624e-02
88.0  6.1320750424638543e-03
120.0  2.8557987447227263e-03
148.0  2.2776034974363608e-03
222.0  1.6909691748770031e-03
300.0  1.9647631349283341e-03
372.0  2.0002659937196298e-03
448.0  2.2869256966163041e-03
522.0  1.9989071658222278e-03
600.0  1.9471501678159106e-03
672.0  1.7983586213957460e-03
748.0  1.9566226794356526e-03
