# beta= 1.6, n_shot= 2048, n_iter= 30, nmc= 16384
12.0  2.1651830283761484e+00
28.0  1.0266590947405234e+00
42.0  8.6162035604812129e-02
60.0  1.3955558973449763e-02
72.0  7.4071860276964923e-03
88.0  5.8969702802159855e-03
120.0  2.8468997498033075e-03
148.0  2.0491040638865718e-03
222.0  2.0660705610256497e-03
300.0  2.3135184103889078e-03
372.0  2.1628793487840823e-03
448.0  1.5564354998102380e-03
522.0  2.4332262352822374e-03
600.0  1.9868106009302742e-03
672.0  2.1094035423992945e-03
748.0  1.6336799040086447e-03
