# time_max= 520, n_shot= 2048, n_iter=30, n_sample=81920
2.0  9.3056681026355204e-01
4.0  1.6265612946927883e+00
6.0  1.3955390254094946e+00
8.0  5.5198588237133794e-01
10.0  2.8837924222671640e+00
20.0  5.7236627718866417e-01
30.0  3.7683266457535997e-01
40.0  1.8635633338247978e-01
50.0  4.6243460960273403e-02
75.0  1.8498257605475243e-01
100.0  1.7940876724062527e-01
200.0  1.4458885784255421e-01
300.0  6.7464303256006594e-02
400.0  3.7410914710513811e-02
500.0  2.4628068797291781e-02
1000.0  5.6998546977077985e-03
2000.0  1.9722116217671718e-03
3000.0  1.3250271009693638e-03
4000.0  1.4393911670311516e-03
