# time_max= 520, n_shot= 2048, n_iter=30, n_sample=163840
2.0  9.3346300105742686e-01
4.0  1.5865248145227953e+00
6.0  1.4933210064046198e+00
8.0  5.7336092350861412e-01
10.0  2.9571836358732000e+00
20.0  5.3919107972771219e-01
30.0  3.7795005526592890e-01
40.0  1.9023508354288660e-01
50.0  4.2355520306406068e-02
75.0  2.3420354431934928e-01
100.0  1.8268975216540970e-01
200.0  1.5181983105065486e-01
300.0  7.1642803378159800e-02
400.0  4.1408708490912258e-02
500.0  2.7556951677656309e-02
1000.0  9.5194328912817806e-03
2000.0  4.8540813735521065e-03
3000.0  3.6560636961190684e-03
4000.0  3.4695623244886632e-03
