# from exact gaussian
1.2829328000000002  2.2936936928641583e-01
2.5658656000000004  1.7719942638514663e-01
3.8487984000000006  1.2250930051063413e-01
5.131731200000001  8.6710429638745978e-02
6.414664  6.4435722503428217e-02
7.6975967999999995  4.8751568618861540e-02
8.9805296  3.6749101252645744e-02
10.263462400000002  2.7352934877488799e-02
11.546395200000001  2.0060670445697149e-02
12.829328  1.4505347604003127e-02
14.112260800000001  1.0356044766060002e-02
15.395193600000002  7.3121107630980120e-03
16.678126400000004  5.1127004127540232e-03
17.9610592  3.5429472314536525e-03
19.243992000000002  2.4337326439614060e-03
20.526924800000003  1.6566098764467796e-03
21.809857600000004  1.1165038717528830e-03
23.092790400000005  7.4424683665430535e-04
24.375723200000003  4.9005904112142673e-04
25.658656  3.1834693811294557e-04
26.9415888  2.0377452357145387e-04
28.224521600000003  1.2838931849845636e-04
29.507454400000004  7.9550135808403866e-05
30.790387200000005  4.8435368789512268e-05
32.07332000000001  2.8962747609995176e-05
33.3562528  1.7001174220432347e-05
34.639185600000005  9.7934812117728143e-06
35.9221184  5.5349198024856605e-06
37.20505120000001  3.0685212921710558e-06
38.487984000000004  1.6685541499583678e-06
39.7709168  8.8983654933372236e-07
41.05384960000001  4.6538762532577493e-07
42.336782400000004  2.3869130405529404e-07
43.61971520000001  1.2004993532599428e-07
44.902648000000006  5.9207843072783817e-08
46.185580800000004  2.8633716731008008e-08
47.4685136  1.3578336677255720e-08
48.751446400000006  6.3135665584468370e-09
50.034379200000004  2.8783961880662901e-09
51.317312  1.2866543386280682e-09
52.6002448  5.6389382052657311e-10
53.8831776  2.4229507289419416e-10
55.1661104  1.0206768763509899e-10
56.44904319999999  4.2152947798967944e-11
57.731976  1.7067236512957606e-11
59.01490879999999  6.7750249854725553e-12
60.297841600000005  2.6378899065093719e-12
61.580774399999996  1.0080825063596421e-12
62.86370720000001  3.7836400679225335e-13
64.14664  1.4033219031261979e-13
