5.0000000000000000e-01    6.6667723824798478e-02
1.0000000000000000e+00    6.7434036376465195e-02
1.5000000000000000e+00    6.5742317078218718e-02
2.5000000000000000e+00    6.4954217941207995e-02
3.5000000000000000e+00    6.4716540676236084e-02
5.0000000000000000e+00    6.4781793601486823e-02
7.5000000000000000e+00    6.4996136608631752e-02
1.1000000000000000e+01    6.5211132994933002e-02
1.6000000000000000e+01    6.5553199494430670e-02
2.3000000000000000e+01    6.6206252035275664e-02
3.4000000000000000e+01    6.7628077838659123e-02
5.0000000000000000e+01    7.0553007781079854e-02
7.3500000000000000e+01    7.6530255127432667e-02
1.0800000000000000e+02    8.8158326175963447e-02
1.5850000000000000e+02    1.0843748606477625e-01
2.3250000000000000e+02    1.3674236833469677e-01
3.4150000000000000e+02    1.6623845973126272e-01
5.0150000000000000e+02    2.1027868119796783e-01
7.3600000000000000e+02    2.9496085676200817e-01
1.0805000000000000e+03    4.0513346095489827e-01
1.5865000000000000e+03    5.3080546515607085e-01
2.3290000000000000e+03    6.2706387020218746e-01
3.4190000000000000e+03    7.7442820486455533e-01
5.0190000000000000e+03    8.8462336179316159e-01
7.3680000000000000e+03    9.5748546958010772e-01
1.0816500000000000e+04    9.8803546915321272e-01
1.5879000000000000e+04    9.9368188357973941e-01
2.3311000000000000e+04    9.9764045689885994e-01
3.4221000000000000e+04    9.9902094585525092e-01
5.0237500000000000e+04    9.9938450139801793e-01
7.3750000000000000e+04    9.9967631882650609e-01
