0.0000000000000000e+00    0.0000000000000000e+00
5.0000000000000003e-02    5.2725517182559685e-04
1.0000000000000001e-01    1.0039167860432486e-03
1.5000000000000002e-01    1.4639673461074891e-03
2.0000000000000001e-01    1.9230096911770557e-03
2.5000000000000000e-01    2.3924647306686766e-03
3.0000000000000004e-01    2.8832971033248785e-03
3.5000000000000003e-01    3.4077938994314699e-03
4.0000000000000002e-01    3.9810483732150327e-03
4.5000000000000001e-01    4.6227654420564921e-03
5.0000000000000000e-01    5.3599138098818196e-03
5.5000000000000004e-01    6.2310367035236722e-03
6.0000000000000009e-01    7.2938265218604184e-03
6.5000000000000002e-01    8.6395606414235403e-03
7.0000000000000007e-01    1.0423227821879174e-02
7.5000000000000000e-01    1.2934390371259532e-02
8.0000000000000004e-01    1.6792822450734012e-02
8.5000000000000009e-01    2.3614407421715139e-02
9.0000000000000002e-01    3.9022455624139064e-02
9.5000000000000007e-01    9.4279570595155626e-02
1.0000000000000000e+00    1.0000000000000002e+00
