# n_sample= 1800, n_shot= 2048, n_iter= 30, n_sample= 1800
0.7505563380561466  1.8434563261068371e+00
1.4653718981096195  9.0530172227843475e-01
2.8950030182165656  4.2054094930606850e-01
6.897970154516014  1.5900618474389211e-01
13.33131019499727  8.2878574535054150e-02
25.983545607943743  4.1327861066456840e-02
50.716163985793905  2.0218024115665045e-02
123.19846177521606  8.0996032644527812e-03
182.59963481565967  5.3611251305622906e-03
358.0153732527819  2.5035197722482155e-03
702.4849916425505  1.3420836755378455e-03
1379.5582901252  6.6280712206155570e-04
