# eps= 0.0050519818433844435, n_shot= 2048, n_iter=30, n_sample=2000
2.0  7.1576290957830413e-01
4.0  2.4205028756964322e-01
6.0  1.8315834299622549e-01
8.0  1.2399431180687065e-01
10.0  9.1056975723401601e-02
20.0  7.2075632092134495e-02
30.0  5.9393421559544635e-02
40.0  4.7784813798884627e-02
50.0  4.4151368157680497e-02
60.0  3.8343028060224014e-02
70.0  2.8910766418069105e-02
80.0  3.2632974306498676e-02
90.0  1.9576408282440620e-02
100.0  2.6341867781355017e-02
200.0  1.6387515097663653e-02
300.0  1.2300528677844961e-02
400.0  6.5293728810014899e-03
500.0  8.7545536687922386e-03
600.0  8.6794622896399897e-03
700.0  7.1259877807145601e-03
800.0  6.4311681091294183e-03
900.0  5.9495907366208323e-03
1000.0  5.2308705753303522e-03
2000.0  3.1677598117604215e-03
3000.0  2.0899433499357301e-03
4000.0  1.7454692850212912e-03
5000.0  1.5393072513238220e-03
10000.0  1.0210036447768189e-03
