# from exact gaussian
1.2829328000000002  2.2945946896621461e-01
2.283620384  1.8968243775284499e-01
3.2843079680000002  1.4546978422106793e-01
4.284995552  1.0898105270504566e-01
5.285683136  8.4341714599373674e-02
6.28637072  6.7179809928664014e-02
7.287058303999999  5.4232688971336707e-02
8.287745888  4.3852462089530420e-02
9.288433472  3.5283591574849282e-02
10.289121055999999  2.8165563356450818e-02
11.28980864  2.2285456213014143e-02
12.290496224  1.7478115973636577e-02
13.291183808000001  1.3594112588220852e-02
14.291871392000001  1.0492837234788333e-02
15.292558976000002  8.0434429015259212e-03
16.29324656  6.1275292802687176e-03
17.293934144  4.6413231394781818e-03
18.294621728000003  3.4965769839541139e-03
19.295309312  2.6201761900424003e-03
20.295996896000002  1.9528133257304958e-03
21.296684480000003  1.4471662032553567e-03
22.297372064  1.0659377221884370e-03
23.298059648000002  7.7999156825114824e-04
24.298747232000004  5.6670705220529527e-04
25.299434816  4.0859746096533200e-04
26.3001224  2.9218814111686697e-04
27.300809984  2.0712567084846256e-04
28.301497568  1.4548006763881460e-04
29.302185152000003  1.0120173523375797e-04
30.302872736  6.9699280880186620e-05
31.30356032  4.7510493152991273e-05
32.304247904  3.2044931345787120e-05
33.304935488000005  2.1381878434034718e-05
34.305623072  1.4111563625185397e-05
35.306310656  9.2106129052638153e-06
36.30699824  5.9448384170934787e-06
37.307685823999996  3.7939711345913452e-06
38.308373408  2.3939931539374015e-06
39.309060992  1.4935009255978571e-06
40.309748576  9.2113943939153842e-07
41.31043616  5.6165503004024231e-07
42.311123744  3.3855399550475340e-07
43.311811328  2.0173981329918433e-07
44.312498912  1.1883740480556071e-07
45.313186496  6.9199948882214812e-08
46.31387408  3.9833002674072304e-08
47.314561664  2.2665159526980005e-08
48.315249248  1.2748137656615199e-08
49.315936832  7.0876255975349522e-09
50.316624416  3.8950656033875930e-09
51.317312  2.1158381713348717e-09
