5.0000000000000000e-01    6.4849615834642113e-05
1.0000000000000000e+00    7.6174640514581376e-05
1.5000000000000000e+00    9.4956765456866108e-05
2.5000000000000000e+00    1.5478303127814782e-04
4.0000000000000000e+00    2.9993403509996364e-04
6.0000000000000000e+00    5.9646729260393494e-04
9.0000000000000000e+00    1.2610413037912889e-03
1.3500000000000000e+01    2.7498659398612186e-03
2.0000000000000000e+01    5.9346017289526017e-03
3.0000000000000000e+01    1.3186760060603072e-02
4.5500000000000000e+01    2.9892008395130936e-02
6.8000000000000000e+01    6.5173515544281538e-02
1.0300000000000000e+02    1.4208336798019222e-01
1.5500000000000000e+02    2.8887696508504368e-01
2.3300000000000000e+02    5.2250459876174049e-01
3.5150000000000000e+02    7.8085394784488538e-01
5.2900000000000000e+02    9.3748335352255074e-01
7.9700000000000000e+02    9.9294716125640525e-01
1.2005000000000000e+03    9.9973521889748551e-01
1.8085000000000000e+03    9.9999817562500037e-01
2.7240000000000000e+03    9.9999999968863373e-01
4.1035000000000000e+03    9.9999996105655053e-01
6.1815000000000000e+03    9.9999987197694884e-01
9.3110000000000000e+03    9.9999999533675088e-01
1.4025500000000000e+04    9.9999999209253465e-01
2.1126500000000000e+04    9.9999999319658750e-01
3.1823500000000000e+04    9.9999999196653278e-01
4.7936500000000000e+04    9.9999999598025857e-01
7.2208000000000000e+04    9.9999999822240260e-01
1.0876850000000000e+05    9.9999999975791076e-01
1.6384000000000000e+05    9.9999999982826693e-01
