# from exact gaussian
1.2829328000000002  2.4086547374280798e-01
2.5658656000000004  1.5217605988111416e-01
3.8487984000000006  1.3816527591089667e-01
5.131731200000001  1.3315948222906826e-01
6.414664  1.2823429547833953e-01
7.6975967999999995  1.2263226129919502e-01
8.9805296  1.1644831074934459e-01
10.263462400000002  1.0984117865773158e-01
11.546395200000001  1.0296668243878671e-01
12.829328  9.5969654462770393e-02
14.112260800000001  8.8979889619121622e-02
15.395193600000002  8.2109297347489729e-02
16.678126400000004  7.5450114038567051e-02
17.9610592  6.9074220602313829e-02
19.243992000000002  6.3033599158888620e-02
20.526924800000003  5.7361840991294599e-02
21.809857600000004  5.2076470918237305e-02
23.092790400000005  4.7181757808623104e-02
24.375723200000003  4.2671667943981362e-02
25.658656  3.8532674610443962e-02
26.9415888  3.4746229975571197e-02
28.224521600000003  3.1290801142041857e-02
29.507454400000004  2.8143450421694638e-02
30.790387200000005  2.5280992578114336e-02
32.07332000000001  2.2680790390513295e-02
33.3562528  2.0321260055350621e-02
34.639185600000005  1.8182156143403461e-02
35.9221184  1.6244697540884090e-02
37.20505120000001  1.4491584906725308e-02
38.487984000000004  1.2906949070423224e-02
39.7709168  1.1476259746050488e-02
41.05384960000001  1.0186215478221072e-02
42.336782400000004  9.0246289627415877e-03
43.61971520000001  7.9803166759191413e-03
44.902648000000006  7.0429978877655230e-03
46.185580800000004  6.2032053891911687e-03
47.4685136  5.4522084060124598e-03
48.751446400000006  4.7819470036714051e-03
50.034379200000004  4.1849766319721482e-03
51.317312  3.6544211761331269e-03
52.6002448  3.1839328494918107e-03
53.8831776  2.7676573911108449e-03
55.1661104  2.4002032464309764e-03
56.44904319999999  2.0766136583389994e-03
57.731976  1.7923408441795630e-03
59.01490879999999  1.5432216591690917e-03
60.297841600000005  1.3254543368859117e-03
61.580774399999996  1.1355760493501066e-03
62.86370720000001  9.7044114352939914e-04
64.14664  8.2719999288727308e-04
