# n_sample= 1800, n_shot= 2048, n_iter= 30, n_sample= 1800
1.1873695507256068  9.2736659732866089e-01
2.2428091513705906  4.6744671730060505e-01
4.353688352660558  2.3747081354681371e-01
8.839306655401739  1.1317674008115347e-01
21.504581863141546  4.9428945732534105e-02
42.08565407571873  2.3517960545708406e-02
82.7200787005506  1.1674041259015885e-02
162.93348834956936  5.9062235990910610e-03
398.56037919356197  2.4646618334500364e-03
784.8512730296261  1.1129608862982348e-03
1546.350944894982  6.0045851171857127e-04
