# eps= 0.007579780022571794, n_shot= 2048, n_iter=30, n_sample=1800
#12.0  1.2937855446373650e-01
30.0  6.7156135034127207e-02
#48.0  4.0684648612836376e-02
64.0  3.5777971208595272e-02
#80.0  2.3566975158436154e-02
100.0  2.7970026994112936e-02
130.0  2.1854516024224856e-02
164.0  1.8847093051078841e-02
248.0  1.1975885682935653e-02
330.0  8.1367790780619547e-03
412.0  1.0066749672685305e-02
500.0  7.8216207154537063e-03
580.0  7.4025472439770944e-03
664.0  6.6825371052059877e-03
748.0  5.4344448849989865e-03
830.0  6.1899348225340784e-03
2000.0  3.5141661954035896e-03
3000.0  2.5598911289892298e-03
4000.0  2.3696203552267055e-03
5000.0  2.0919030692840698e-03
