# n_sample= 1800, n_shot= 2048, n_iter= 30, n_sample= 1800
1.1873695507256068  9.2536457337270939e-01
2.2428091513705906  4.6342223855683251e-01
4.353688352660558  2.3258185138071585e-01
8.839306655401739  1.1627846989615520e-01
21.504581863141546  4.6678629928514681e-02
42.08565407571873  2.3324485967567199e-02
82.7200787005506  1.1676431557980926e-02
162.93348834956936  5.8359529071108085e-03
398.56037919356197  2.3343060683984618e-03
784.8512730296261  1.1671920449662920e-03
1546.350944894982  5.8358739335240273e-04
