# n_sample_total= 16445, n_shot= 2048, n_iter= 30
2.1593685898488055  3.5286729018104625e-02
3.239052884773208  3.1914100422322102e-02
5.398421474622014  9.8173877902539997e-03
9.717158654319624  1.9679508747437607e-02
18.354633013714846  3.3900211928782234e-03
35.629581732505294  4.8636089674620531e-04
70.17947917008618  2.4512617943104992e-05
139.27927404524794  1.1834878208650055e-04
277.4788637955715  6.0146809839003654e-04
553.8780432962186  1.1428184876532720e-04
1106.6764022975128  4.1369036911076266e-06
