# time_max = 240.0, n_shot= 2048, n_iter=30
1  3.2883850773873395e+00
5  7.2127920375117660e-01
10  4.0985716420183539e-02
20  3.4544155088731050e-02
40  1.6694094303103698e-02
60  1.5602242539633214e-02
80  1.1907414114116520e-02
100  1.0585733300623793e-02
200  7.4899570350364956e-03
400  7.2683785453332116e-03
600  4.6638466917131721e-03
800  4.7925322809679516e-03
1000  4.2627411488567147e-03
2000  3.5749959056866573e-03
3000  2.5663473372788590e-03
4000  2.9561232557868402e-03
5000  2.3685222945889570e-03
