# time_max= 240.0, n_shot= 2048, n_iter=30, n_sample=90000
2.0  8.3009531125346558e-01
4.0  2.4451062082164188e+00
6.0  5.4283454613334858e-01
8.0  3.9272342082384581e-01
10.0  3.0374346742280305e+00
20.0  2.1398614176185163e-01
30.0  5.8241093416779111e-01
40.0  2.4656808026377125e-01
50.0  2.5921903692848569e-01
60.0  1.9825501899350100e-02
70.0  2.8993666843831090e-01
80.0  2.1939663369569390e-01
90.0  1.7154577039206897e-01
100.0  1.3994348527654130e-01
200.0  3.6095684444831348e-02
300.0  1.6722915326451454e-02
400.0  1.0543261335677335e-02
500.0  7.1083015081041256e-03
