# beta= 1.6, n_shot= 2048, n_iter= 30, nmc= 16384
6.0  2.5356527535537796e+00
14.0  3.2063673053940769e-02
20.0  1.7711873357403245e-02
28.0  9.6832076750607374e-03
34.0  4.1009311694222578e-03
42.0  1.7489977399303136e-03
56.0  1.9624275817980911e-03
70.0  3.4404429608362540e-03
104.0  3.7655534113852696e-03
140.0  3.4214599829119228e-03
174.0  3.2972722069962933e-03
210.0  3.2536043554479773e-03
244.0  3.1944204752701209e-03
280.0  3.0469180106658853e-03
314.0  3.0530016503121258e-03
350.0  2.8213997411079992e-03
