# beta = 3.0, n_shot= 10000, nmc= 1660
0.0  1.0000000000000000e+00  -1.2806248474865711e+01
0.125  9.9673987951807186e-01  -1.2818931268082778e+01
0.25  9.9324397590361391e-01  -1.2857213033140079e+01
0.375  9.8379240963855374e-01  -1.2928990101399533e+01
0.5  9.5291000000000059e-01  -1.3058568578386891e+01
0.625  8.4102710843373574e-01  -1.3299771639761214e+01
0.75  6.6345265060240910e-01  -1.3736874586249439e+01
0.875  6.5426566265060349e-01  -1.4340979068327663e+01
1.0  6.9834698795180661e-01  -1.5052241119160266e+01
