# time_max= 200, n_shot= 2048, n_iter=30, n_sample=7680
2.0  1.9450187467389115e+00
4.0  7.6320112844891397e-01
6.0  5.7485812769228073e-01
8.0  5.2967827987911986e-01
10.0  6.4889114633640554e-01
20.0  1.7342854140215622e-01
30.0  3.3768574642139126e-01
40.0  1.0116542338839755e-01
50.0  1.5784976641071835e-01
75.0  1.6208720633838103e-01
100.0  8.8307796145395467e-02
200.0  2.1308914912717501e-02
300.0  1.0482185433143391e-02
400.0  5.9178142178298058e-03
500.0  8.0572842284159351e-03
1000.0  6.1546751278831113e-03
2000.0  5.9596746913794770e-03
3000.0  5.6720260446175199e-03
4000.0  6.9590916392554469e-03
