# beta = 3.0, n_shot= 10000, nmc= 1660
0.0  1.0000000000000000e+00  -1.2806248474865711e+01
0.125  9.9670506024096306e-01  -1.2818063549402874e+01
0.25  9.9275445783132410e-01  -1.2856395987494677e+01
0.375  9.8317337349397482e-01  -1.2928908661294136e+01
0.5  9.5371156626506082e-01  -1.3057659921746955e+01
0.625  8.4196566265060102e-01  -1.3298218053428197e+01
0.75  6.3865734939759045e-01  -1.3730478427979024e+01
0.875  6.6118855421686706e-01  -1.4344988806787541e+01
1.0  7.0632132530120528e-01  -1.5055367560305470e+01
