# eps= 0.013989622720652491, n_shot= 2048, n_iter=30, n_sample=2000
2.0  9.8313662157766901e-01
4.0  5.8160011982679372e-01
6.0  4.0502387586068878e-01
8.0  3.5804211987176277e-01
10.0  2.5816212546794298e-01
20.0  1.6570267185843182e-01
30.0  1.3059568877026198e-01
40.0  8.6104275816801606e-02
50.0  7.0661325652023751e-02
60.0  6.1274152495475437e-02
70.0  6.3702481799947225e-02
80.0  4.7286782001091154e-02
90.0  5.1972228183761730e-02
100.0  3.7138871646712111e-02
200.0  2.5859355400975424e-02
300.0  1.9547294566593602e-02
400.0  1.0364417543741429e-02
500.0  1.3347004252709382e-02
600.0  7.5098897952665077e-03
700.0  7.5882044569796159e-03
800.0  6.2000984395976866e-03
900.0  7.3563962974448078e-03
1000.0  5.0425535654007089e-03
2000.0  2.5289155534300297e-03
3000.0  1.8884320349560114e-03
4000.0  1.3442136351848432e-03
5000.0  1.1087923175330397e-03
10000.0  9.1625945473327404e-04
