0.0000000000000000e+00    0.0000000000000000e+00
6.7623242006671830e-02    3.5544397952829337e-01
1.3510318691315359e-01    6.6615253219234538e-01
2.0279135722461589e-01    8.1237879478920472e-01
2.7038361644701414e-01    8.7276432774191737e-01
3.3770007288694087e-01    9.0599888262193340e-01
4.0520297770643809e-01    9.2923972214064454e-01
4.7292331204153598e-01    9.4398084479433009e-01
5.4041740675239291e-01    9.4489719203004952e-01
6.0790704323782041e-01    9.4519536841837437e-01
6.7576072551717170e-01    9.4538804011495703e-01
7.4285918625859060e-01    9.4557020200418807e-01
8.0985593137794332e-01    9.4581647904525934e-01
8.7682239448018795e-01    9.4637008487172491e-01
9.4406325403792446e-01    9.5695052772835854e-01
1.0000000000000000e+00    1.0000000000000000e+00
