1.5000000000000000e+00    1.1762199498464807e+00    1.2861905976452241e+00    1.5349219257750235e-01
1.6000000000000001e+00    5.0218001702867250e+00    5.1172696313687638e+00    1.2085400934999768e-01
1.7000000000000000e+00    1.2266765462699048e+01    1.2319249787309209e+01    9.4960592706300417e-02
1.8000000000000000e+00    2.1188173855505216e+01    2.0990755058168059e+01    7.4489001057131077e-02
1.8999999999999999e+00    3.2277881339963770e+01    3.1218744075062979e+01    5.8348753228472106e-02
2.0000000000000000e+00    4.9331862267570258e+01    4.2531221013786656e+01    4.5656396371661856e-02
2.1000000000000001e+00    8.7995090393103936e+01    5.6315260265639630e+01    3.5660349005816272e-02
2.2000000000000002e+00    1.4324166564830750e+02    7.4139509032580349e+01    2.7806590931753306e-02
2.2999999999999998e+00    2.3854548186929958e+02    9.3970274223389268e+01    2.1626798205566899e-02
2.3999999999999999e+00    4.0213432703547511e+02    1.2271455158384241e+02    1.6765267528981553e-02
2.5000000000000000e+00    6.7662011607144461e+02    1.7020342725525316e+02    1.2974419268104498e-02
2.6000000000000001e+00    1.1867553747152165e+03    2.2136521742517036e+02    9.9467122514482753e-03
2.7000000000000002e+00    2.0313260280308768e+03    2.9292859835948195e+02    7.6675286717531321e-03
2.7999999999999998e+00    3.4052112202095036e+03    4.1950053579626893e+02    5.7838839431738620e-03
2.9000000000000004e+00    6.1049784037961908e+03    5.4281053893219382e+02    4.3724230644670570e-03
3.0000000000000000e+00    1.0893568207062952e+04    7.5310947375655712e+02    3.3412792970821670e-03
3.1000000000000001e+00    1.9812375237387492e+04    1.0746045710183389e+03    2.6190358656350554e-03
3.2000000000000002e+00    3.4112886580791601e+04    1.4158945704686580e+03    2.0918036752917146e-03
3.2999999999999998e+00    5.5141497276130758e+04    1.8250657680774925e+03    1.5450803682952596e-03
3.4000000000000004e+00    9.9375166078578433e+04    2.5150854326763447e+03    1.1338205480200259e-03
3.5000000000000000e+00    1.7305333714633845e+05    3.3944868161132540e+03    8.2647581997008501e-04
3.6000000000000001e+00    3.2271850557264849e+05    4.8658795250098829e+03    5.9827244734833585e-04
3.7000000000000002e+00    5.8136382737990038e+05    7.0993459302519113e+03    4.2997858470528172e-04
3.8000000000000003e+00    1.1780760269822085e+06    9.0318997037053559e+03    3.0671084760314216e-04
3.9000000000000004e+00    2.2603869634382688e+06    1.2605697134880755e+04    2.1708149607491123e-04
4.0000000000000000e+00    5.2174441434562048e+06    1.9456460209822962e+04    1.5238178076515396e-04
