4.0000000000000002e-01    -9.5013947994172028e+01    -9.4447369210442545e+01    -9.4447369210438055e+01    -9.4082661823753796e+01    -9.4082661823749334e+01    -9.3880790426713034e+01    -9.3880790426708558e+01    -9.3880790426704081e+01    -9.3516083040024284e+01    -9.3447369210442560e+01
5.0000000000000000e-01    -1.0110259115364535e+02    -1.0037748067350104e+02    -1.0037748067349189e+02    -1.0030890621867310e+02    -1.0030890621866392e+02    -9.9762193507319324e+01    -9.9762193507310172e+01    -9.9762193507308041e+01    -9.9762193507298861e+01    -9.9652370193356703e+01
6.0000000000000009e-01    -1.0439525851259341e+02    -1.0372687906878936e+02    -1.0372687906878365e+02    -1.0371056457425921e+02    -1.0371056457425352e+02    -1.0328857588883047e+02    -1.0328857588882518e+02    -1.0328857588882477e+02    -1.0328857588881947e+02    -1.0305849962498532e+02
7.0000000000000007e-01    -1.0621144856534961e+02    -1.0564175423718299e+02    -1.0564175423716939e+02    -1.0561071446281960e+02    -1.0561071446280599e+02    -1.0530355478514019e+02    -1.0530355478512659e+02    -1.0530355478511862e+02    -1.0530355478510502e+02    -1.0507205990901637e+02
8.0000000000000004e-01    -1.0720492874985446e+02    -1.0672561217823448e+02    -1.0672561217823034e+02    -1.0666655306252682e+02    -1.0666655306252267e+02    -1.0646386530446452e+02    -1.0646386530446036e+02    -1.0646386530443542e+02    -1.0646386530443121e+02    -1.0624629560661450e+02
9.0000000000000002e-01    -1.0772939634949302e+02    -1.0732511458576425e+02    -1.0732511458573899e+02    -1.0723583117056137e+02    -1.0723583117053610e+02    -1.0712712191006241e+02    -1.0712712191006068e+02    -1.0712712191003718e+02    -1.0712712191003544e+02    -1.0692083282203548e+02
1.0000000000000000e+00    -1.0798628189436204e+02    -1.0764268521502990e+02    -1.0764268521501121e+02    -1.0752351395220046e+02    -1.0752351395218179e+02    -1.0749873599057165e+02    -1.0749873599055294e+02    -1.0749873599054550e+02    -1.0749873599052684e+02    -1.0729908853569773e+02
1.1000000000000001e+00    -1.0809293807094673e+02    -1.0779805718827734e+02    -1.0779805718827657e+02    -1.0769967738109237e+02    -1.0769967738109163e+02    -1.0769967738107928e+02    -1.0769967738107852e+02    -1.0764982756691052e+02    -1.0764982756690978e+02    -1.0750317630560798e+02
1.2000000000000002e+00    -1.0811773763734280e+02    -1.0786194044841315e+02    -1.0786194044839894e+02    -1.0780154226639002e+02    -1.0780154226638777e+02    -1.0780154226637580e+02    -1.0780154226637356e+02    -1.0768570421313760e+02    -1.0768570421312337e+02    -1.0760614325948347e+02
1.3000000000000000e+00    -1.0809987359428297e+02    -1.0787559991623561e+02    -1.0787559991622980e+02    -1.0784637724107773e+02    -1.0784637724107193e+02    -1.0784637724106520e+02    -1.0784637724105937e+02    -1.0767271624601520e+02    -1.0767271624600940e+02    -1.0765132623818822e+02
1.3999999999999999e+00    -1.0806115586129803e+02    -1.0786275387936843e+02    -1.0786275387936163e+02    -1.0785848045953801e+02    -1.0785848045953125e+02    -1.0785848045952477e+02    -1.0785848045951801e+02    -1.0766435189743871e+02    -1.0766435189743200e+02    -1.0766435189742526e+02
1.5000000000000000e+00    -1.0801328168018378e+02    -1.0785167120602874e+02    -1.0785167120602345e+02    -1.0785167120602324e+02    -1.0785167120601790e+02    -1.0783682630987983e+02    -1.0783682630987451e+02    -1.0769006073187373e+02    -1.0769006073186841e+02    -1.0769006073186814e+02
1.6000000000000001e+00    -1.0796239245101054e+02    -1.0783386508359084e+02    -1.0783386508357125e+02    -1.0783386508356318e+02    -1.0783386508354360e+02    -1.0780533664198381e+02    -1.0780533664195613e+02    -1.0770533771617113e+02    -1.0770533771615155e+02    -1.0770533771614348e+02
1.7000000000000002e+00    -1.0791180134385738e+02    -1.0780984230740174e+02    -1.0780984230739904e+02    -1.0780984230739418e+02    -1.0780984230739145e+02    -1.0777249232665599e+02    -1.0777249232664835e+02    -1.0770788327094621e+02    -1.0770788327094343e+02    -1.0770788327094067e+02
1.8000000000000003e+00    -1.0786344613850903e+02    -1.0778275244023848e+02    -1.0778275244022414e+02    -1.0778275244021964e+02    -1.0778275244020530e+02    -1.0774064612410339e+02    -1.0774064612408455e+02    -1.0770205874196795e+02    -1.0770205874195358e+02    -1.0770205874194905e+02
1.8999999999999999e+00    -1.0781852958360135e+02    -1.0775480328406888e+02    -1.0775480328406522e+02    -1.0775480328406024e+02    -1.0775480328405661e+02    -1.0771107690859949e+02    -1.0771107690859088e+02    -1.0769107698453644e+02    -1.0769107698453274e+02    -1.0769107698452909e+02
2.0000000000000000e+00    -1.0777774128170225e+02    -1.0772751905494792e+02    -1.0772751905493966e+02    -1.0772751905493274e+02    -1.0772751905492450e+02    -1.0768439749062446e+02    -1.0768439749061619e+02    -1.0767729682819359e+02    -1.0767729682818533e+02    -1.0767729682817844e+02
2.1000000000000001e+00    -1.0774135706620208e+02    -1.0770186469818920e+02    -1.0770186469818401e+02    -1.0770186469816572e+02    -1.0770186469816052e+02    -1.0766237233017630e+02    -1.0766237233017112e+02    -1.0766237233016597e+02    -1.0766237233015283e+02    -1.0766237233014762e+02
2.2000000000000002e+00    -1.0770932219969504e+02    -1.0767834758018385e+02    -1.0767834758017318e+02    -1.0767834758016913e+02    -1.0767834758015843e+02    -1.0764737296067264e+02    -1.0764737296066198e+02    -1.0764737296065792e+02    -1.0764737296065127e+02    -1.0764737296064723e+02
2.3000000000000003e+00    -1.0768137319468607e+02    -1.0765715612758125e+02    -1.0765715612757731e+02    -1.0765715612756253e+02    -1.0765715612755858e+02    -1.0763293906047639e+02    -1.0763293906047247e+02    -1.0763293906046852e+02    -1.0763293906045769e+02    -1.0763293906045375e+02
2.3999999999999999e+00    -1.0765713731608045e+02    -1.0763827657225197e+02    -1.0763827657224664e+02    -1.0763827657223619e+02    -1.0763827657223086e+02    -1.0761941582842346e+02    -1.0761941582841814e+02    -1.0761941582841281e+02    -1.0761941582840765e+02    -1.0761941582840237e+02
2.5000000000000000e+00    -1.0763621844543428e+02    -1.0762159616195510e+02    -1.0762159616194783e+02    -1.0762159616194513e+02    -1.0762159616193787e+02    -1.0760697387847591e+02    -1.0760697387846866e+02    -1.0760697387846594e+02    -1.0760697387846142e+02    -1.0760697387845869e+02
2.6000000000000001e+00    -1.0761825309590537e+02    -1.0760697531656545e+02    -1.0760697531655394e+02    -1.0760697531653868e+02    -1.0760697531652717e+02    -1.0759569753722552e+02    -1.0759569753721402e+02    -1.0759569753720251e+02    -1.0759569753719875e+02    -1.0759569753718723e+02
2.7000000000000002e+00    -1.0760292652263730e+02    -1.0759427734516123e+02    -1.0759427734515330e+02    -1.0759427734514804e+02    -1.0759427734514014e+02    -1.0758562816768509e+02    -1.0758562816767721e+02    -1.0758562816767193e+02    -1.0758562816766930e+02    -1.0758562816766403e+02
2.8000000000000003e+00    -1.0758996559649826e+02    -1.0758337196767050e+02    -1.0758337196766135e+02    -1.0758337196766104e+02    -1.0758337196765187e+02    -1.0757677833884279e+02    -1.0757677833883362e+02    -1.0757677833883331e+02    -1.0757677833882440e+02    -1.0757677833882408e+02
2.8999999999999999e+00    -1.0757911838120211e+02    -1.0757412279056965e+02    -1.0757412279055667e+02    -1.0757412279055310e+02    -1.0757412279054009e+02    -1.0756912719993721e+02    -1.0756912719992417e+02    -1.0756912719992063e+02    -1.0756912719991122e+02    -1.0756912719990765e+02
3.0000000000000000e+00    -1.0757013782574353e+02    -1.0756637668802350e+02    -1.0756637668801757e+02    -1.0756637668799968e+02    -1.0756637668799372e+02    -1.0756261555030346e+02    -1.0756261555029752e+02    -1.0756261555029157e+02    -1.0756261555027965e+02    -1.0756261555027370e+02
3.1000000000000001e+00    -1.0756278204193789e+02    -1.0755996818238413e+02    -1.0755996818237338e+02    -1.0755996818237159e+02    -1.0755996818236085e+02    -1.0755715432283034e+02    -1.0755715432281960e+02    -1.0755715432281781e+02    -1.0755715432280887e+02    -1.0755715432280707e+02
3.2000000000000002e+00    -1.0755681940094871e+02    -1.0755472759727338e+02    -1.0755472759725794e+02    -1.0755472759725581e+02    -1.0755472759724034e+02    -1.0755263579359806e+02    -1.0755263579358260e+02    -1.0755263579358048e+02    -1.0755263579356716e+02    -1.0755263579356503e+02
3.3000000000000003e+00    -1.0755203514260214e+02    -1.0755049006223382e+02    -1.0755049006222431e+02    -1.0755049006221736e+02    -1.0755049006220787e+02    -1.0754894498186547e+02    -1.0754894498185601e+02    -1.0754894498184903e+02    -1.0754894498184652e+02    -1.0754894498183955e+02
3.3999999999999999e+00    -1.0754823221650142e+02    -1.0754709839595340e+02    -1.0754709839594599e+02    -1.0754709839593096e+02    -1.0754709839592360e+02    -1.0754596457540543e+02    -1.0754596457539800e+02    -1.0754596457539063e+02    -1.0754596457538295e+02    -1.0754596457537556e+02
3.5000000000000000e+00    -1.0754523639648099e+02    -1.0754440992066102e+02    -1.0754440992065517e+02    -1.0754440992064357e+02    -1.0754440992063772e+02    -1.0754358344484103e+02    -1.0754358344483521e+02    -1.0754358344482935e+02    -1.0754358344482361e+02    -1.0754358344481776e+02
3.6000000000000001e+00    -1.0754289493892514e+02    -1.0754229666647781e+02    -1.0754229666647480e+02    -1.0754229666646366e+02    -1.0754229666646066e+02    -1.0754169839403048e+02    -1.0754169839402746e+02    -1.0754169839402445e+02    -1.0754169839401632e+02    -1.0754169839401331e+02
3.7000000000000002e+00    -1.0754107896067941e+02    -1.0754064898209468e+02    -1.0754064898208415e+02    -1.0754064898206917e+02    -1.0754064898205867e+02    -1.0754021900350995e+02    -1.0754021900349944e+02    -1.0754021900348891e+02    -1.0754021900348445e+02    -1.0754021900347394e+02
3.8000000000000003e+00    -1.0753967992369269e+02    -1.0753937321284502e+02    -1.0753937321284283e+02    -1.0753937321282686e+02    -1.0753937321282467e+02    -1.0753906650199735e+02    -1.0753906650199517e+02    -1.0753906650199301e+02    -1.0753906650197919e+02    -1.0753906650197703e+02
3.8999999999999999e+00    -1.0753860912839488e+02    -1.0753839204689881e+02    -1.0753839204689129e+02    -1.0753839204689015e+02    -1.0753839204688256e+02    -1.0753817496540273e+02    -1.0753817496539520e+02    -1.0753817496539409e+02    -1.0753817496538764e+02    -1.0753817496538653e+02
4.0000000000000000e+00    -1.0753779503339086e+02    -1.0753764265161010e+02    -1.0753764265160837e+02    -1.0753764265159336e+02    -1.0753764265159163e+02    -1.0753749026982933e+02    -1.0753749026982760e+02    -1.0753749026982589e+02    -1.0753749026981257e+02    -1.0753749026981085e+02
