4.0000000000000002e-01    -9.4543234068887017e+01    -9.3961322334384903e+01    -9.3961322334380469e+01    -9.3402953185909041e+01    -9.3402953185904778e+01    -9.3374630016470206e+01    -9.3374630016468302e+01    -9.3327678666816496e+01    -9.3014649586422223e+01    -9.3014649586418045e+01
5.0000000000000000e-01    -1.0066181919854122e+02    -9.9877025362137857e+01    -9.9877025362128791e+01    -9.9666265114787507e+01    -9.9666265114778554e+01    -9.9265420537629439e+01    -9.9262736849528721e+01    -9.9262736849520877e+01    -9.9154844403552318e+01    -9.8940614095003099e+01
6.0000000000000009e-01    -1.0397939015696281e+02    -1.0322545660095540e+02    -1.0322545660094687e+02    -1.0310380372688974e+02    -1.0310380372688411e+02    -1.0281972341780590e+02    -1.0281663510332649e+02    -1.0281663510332393e+02    -1.0249035090034477e+02    -1.0237659753735531e+02
7.0000000000000007e-01    -1.0581098625792040e+02    -1.0515355554380497e+02    -1.0515355554379173e+02    -1.0503272376989366e+02    -1.0503272376988014e+02    -1.0485383370550383e+02    -1.0484890050147848e+02    -1.0484890050147416e+02    -1.0452288142133773e+02    -1.0439059733423511e+02
8.0000000000000004e-01    -1.0681128409986242e+02    -1.0625111135918986e+02    -1.0625111135918588e+02    -1.0611037582923235e+02    -1.0611037582922806e+02    -1.0602517844111348e+02    -1.0601784684537607e+02    -1.0601784684536618e+02    -1.0569415792095948e+02    -1.0555474005035252e+02
9.0000000000000002e-01    -1.0733748282152942e+02    -1.0686197359064474e+02    -1.0686197359061987e+02    -1.0669870845953275e+02    -1.0669870845950703e+02    -1.0669393603055315e+02    -1.0668402754815588e+02    -1.0668402754814932e+02    -1.0636858055382933e+02    -1.0626894288610947e+02
1.0000000000000000e+00    -1.0759343932296900e+02    -1.0718850734290132e+02    -1.0718850734288279e+02    -1.0706725043117461e+02    -1.0705480631938730e+02    -1.0705480631937897e+02    -1.0700675718660574e+02    -1.0700675718658084e+02    -1.0675686877540338e+02    -1.0670388880149531e+02
1.1000000000000001e+00    -1.0769817578847942e+02    -1.0735069815725866e+02    -1.0735069815725792e+02    -1.0726736256387962e+02    -1.0725252361980033e+02    -1.0725252361979862e+02    -1.0715968018686560e+02    -1.0715968018686091e+02    -1.0698209944132454e+02    -1.0694743598314561e+02
1.2000000000000002e+00    -1.0772140939873536e+02    -1.0741962237930751e+02    -1.0741962237929430e+02    -1.0736695387204800e+02    -1.0734989937899884e+02    -1.0734989937899367e+02    -1.0723453002724291e+02    -1.0723453002722879e+02    -1.0716542440566296e+02    -1.0711443213796882e+02
1.3000000000000000e+00    -1.0770350307470017e+02    -1.0743693868766148e+02    -1.0743693868765526e+02    -1.0740897149486680e+02    -1.0738989171219936e+02    -1.0738989171219693e+02    -1.0727365690742585e+02    -1.0727365690741976e+02    -1.0727056375201647e+02    -1.0719191647636858e+02
1.3999999999999999e+00    -1.0766738676189676e+02    -1.0742673877221385e+02    -1.0742673877220808e+02    -1.0741842262316663e+02    -1.0739749985905222e+02    -1.0739749985902206e+02    -1.0732878826602592e+02    -1.0729204190530726e+02    -1.0729204190530203e+02    -1.0724477937900984e+02
1.5000000000000000e+00    -1.0762592588670068e+02    -1.0740967989729478e+02    -1.0740282710476330e+02    -1.0740282710475822e+02    -1.0738707013610926e+02    -1.0738707013609543e+02    -1.0735653954125422e+02    -1.0729540939084545e+02    -1.0729540939084043e+02    -1.0727845252493194e+02
1.6000000000000001e+00    -1.0758644828694591e+02    -1.0739110808746059e+02    -1.0737317282241639e+02    -1.0737317282239562e+02    -1.0736692484374672e+02    -1.0736692484373765e+02    -1.0736390121305035e+02    -1.0729307679797353e+02    -1.0728900494448712e+02    -1.0728900494446827e+02
1.7000000000000002e+00    -1.0755315418427200e+02    -1.0736787349413373e+02    -1.0735751644553508e+02    -1.0734255118631707e+02    -1.0734255118631124e+02    -1.0734217615951852e+02    -1.0734217615949855e+02    -1.0729572404161055e+02    -1.0729572404156893e+02    -1.0727756194609485e+02
1.8000000000000003e+00    -1.0752793483494655e+02    -1.0734344257031371e+02    -1.0734252936924332e+02    -1.0731623033159570e+02    -1.0731399614693632e+02    -1.0731399614692181e+02    -1.0729136857057473e+02    -1.0729136857052005e+02    -1.0726485702951106e+02    -1.0726485702950016e+02
1.8999999999999999e+00    -1.0751062860036527e+02    -1.0732344955568614e+02    -1.0732022576720796e+02    -1.0729144123306118e+02    -1.0729144123300129e+02    -1.0728949635342622e+02    -1.0728949635333724e+02    -1.0728356847771364e+02    -1.0728356847770500e+02    -1.0725358574952926e+02
2.0000000000000000e+00    -1.0749969556880885e+02    -1.0730396613942835e+02    -1.0729978136465233e+02    -1.0727474352913902e+02    -1.0727474352912462e+02    -1.0727023597527759e+02    -1.0727023597519057e+02    -1.0726933209870715e+02    -1.0726933209869557e+02    -1.0724524618143565e+02
2.1000000000000001e+00    -1.0749318557926802e+02    -1.0728651833644562e+02    -1.0728288633227575e+02    -1.0726634850233555e+02    -1.0726634850233020e+02    -1.0725656418002484e+02    -1.0725656417991141e+02    -1.0725068850687947e+02    -1.0725068850687933e+02    -1.0724254620611072e+02
2.2000000000000002e+00    -1.0748941793904689e+02    -1.0727226169795325e+02    -1.0726964744132641e+02    -1.0725908532637602e+02    -1.0725908532635074e+02    -1.0724787953213658e+02    -1.0724245221880099e+02    -1.0723747912584794e+02    -1.0723615708433188e+02    -1.0723615708428444e+02
2.3000000000000003e+00    -1.0748721748700814e+02    -1.0726136765583712e+02    -1.0725970049780980e+02    -1.0725315583897759e+02    -1.0725315583897495e+02    -1.0724283941441777e+02    -1.0724283941418787e+02    -1.0724150434162627e+02    -1.0723638761142931e+02    -1.0723638761105988e+02
2.3999999999999999e+00    -1.0748586918543353e+02    -1.0725342743640283e+02    -1.0725245059717730e+02    -1.0724849256652692e+02    -1.0724849256645612e+02    -1.0724031899178570e+02    -1.0724003069365745e+02    -1.0724003069347270e+02    -1.0723604216006700e+02    -1.0723604215910356e+02
2.5000000000000000e+00    -1.0748497971583122e+02    -1.0724781325873418e+02    -1.0724727256436464e+02    -1.0724491975413471e+02    -1.0724491975413430e+02    -1.0723921038594547e+02    -1.0723845409946055e+02    -1.0723845409912481e+02    -1.0723598873299083e+02    -1.0723598872326434e+02
2.6000000000000001e+00    -1.0748434868229741e+02    -1.0724391398508845e+02    -1.0724362456268986e+02    -1.0724224030056557e+02    -1.0724224030048558e+02    -1.0723829486688678e+02    -1.0723753698245062e+02    -1.0723753698123899e+02    -1.0723601531784996e+02    -1.0723601531784067e+02
2.7000000000000002e+00    -1.0748387888841580e+02    -1.0724123545767677e+02    -1.0724108267700657e+02    -1.0724027148143605e+02    -1.0724027148143603e+02    -1.0723758862865478e+02    -1.0723589560913607e+02    -1.0723589560912384e+02    -1.0723532458027788e+02    -1.0723492667626132e+02
2.8000000000000003e+00    -1.0748352275304208e+02    -1.0723941218496529e+02    -1.0723933135781559e+02    -1.0723885504788319e+02    -1.0723885504788302e+02    -1.0723706667841887e+02    -1.0723594429952024e+02    -1.0723594429949387e+02    -1.0723561724912602e+02    -1.0723536408697908e+02
2.8999999999999999e+00    -1.0748325400268294e+02    -1.0723818347602479e+02    -1.0723814003791878e+02    -1.0723785809097734e+02    -1.0723785809097727e+02    -1.0723669233655686e+02    -1.0723596703040208e+02    -1.0723596703039838e+02    -1.0723578023550306e+02    -1.0723561850859323e+02
3.0000000000000000e+00    -1.0748305463313331e+02    -1.0723736511400186e+02    -1.0723717170946856e+02    -1.0723717170040274e+02    -1.0723642994647815e+02    -1.0723597055306688e+02    -1.0723597055270896e+02    -1.0723575933435731e+02    -1.0723520140969953e+02    -1.0723520140962158e+02
3.1000000000000001e+00    -1.0748290996650283e+02    -1.0723682710929407e+02    -1.0723681331712297e+02    -1.0723670917220116e+02    -1.0723670917219852e+02    -1.0723624938287040e+02    -1.0723611937234412e+02    -1.0723596431169588e+02    -1.0723596283357213e+02    -1.0723590142643323e+02
3.2000000000000002e+00    -1.0748280734272572e+02    -1.0723647814099077e+02    -1.0723646932938153e+02    -1.0723640374850912e+02    -1.0723640373010772e+02    -1.0723612648686536e+02    -1.0723595017331920e+02    -1.0723594854926677e+02    -1.0723565871137181e+02    -1.0723564783940071e+02
3.3000000000000003e+00    -1.0748273604445420e+02    -1.0723625473114976e+02    -1.0723620819982273e+02    -1.0723620580235242e+02    -1.0723604699131478e+02    -1.0723593827970646e+02    -1.0723593660327025e+02    -1.0723580709870288e+02    -1.0723575858863556e+02    -1.0723575325490184e+02
3.3999999999999999e+00    -1.0748268739003487e+02    -1.0723611343293170e+02    -1.0723610112984319e+02    -1.0723607967425369e+02    -1.0723599615214735e+02    -1.0723592576933976e+02    -1.0723592425718702e+02    -1.0723581545703696e+02    -1.0723581361170153e+02    -1.0723581354649843e+02
3.5000000000000000e+00    -1.0748265466580408e+02    -1.0723602224484600e+02    -1.0723601871145912e+02    -1.0723596559973977e+02    -1.0723592008816179e+02    -1.0723591210273094e+02    -1.0723590429611851e+02    -1.0723584691301129e+02    -1.0723584691282826e+02    -1.0723584690909435e+02
3.6000000000000001e+00    -1.0748263288969903e+02    -1.0723596901991995e+02    -1.0723596795328496e+02    -1.0723595014287963e+02    -1.0723593022425976e+02    -1.0723589836845952e+02    -1.0723588711265400e+02    -1.0723587513368533e+02    -1.0723586469482555e+02    -1.0723586469481704e+02
3.7000000000000002e+00    -1.0748261849011858e+02    -1.0723593669999546e+02    -1.0723592157046862e+02    -1.0723591423612221e+02    -1.0723589970908178e+02    -1.0723589970851961e+02    -1.0723587368955927e+02    -1.0723587368879885e+02    -1.0723587093962877e+02    -1.0723587089051027e+02
3.8000000000000003e+00    -1.0748260897876413e+02    -1.0723591630453470e+02    -1.0723590342102463e+02    -1.0723590295820586e+02    -1.0723589499702524e+02    -1.0723589493871567e+02    -1.0723587995044356e+02    -1.0723587786299167e+02    -1.0723587786296790e+02    -1.0723587449345798e+02
3.8999999999999999e+00    -1.0748260266345132e+02    -1.0723590397786413e+02    -1.0723589507778966e+02    -1.0723589250489216e+02    -1.0723589135208010e+02    -1.0723589126667632e+02    -1.0723587948214804e+02    -1.0723587948213647e+02    -1.0723587827556918e+02    -1.0723587585379758e+02
4.0000000000000000e+00    -1.0748259841668323e+02    -1.0723589305404479e+02    -1.0723588846722012e+02    -1.0723588846039605e+02    -1.0723588682090984e+02    -1.0723588572626944e+02    -1.0723587980812280e+02    -1.0723587980809357e+02    -1.0723587617538057e+02    -1.0723587617472492e+02
