#5.0000000000000000e-01    7.2511048014430912e-01    1.1168368709113691e-01    2.4676031325752690e-01
#5.9999999999999998e-01    6.6837944380405645e-01    1.3157078134679862e-01    2.8932674060776997e-01
#6.9999999999999996e-01    5.6969432816661936e-01    1.5625543595532304e-01    3.5016149588383250e-01
#8.0000000000000004e-01    4.7931657161991836e-01    1.8504711921494249e-01    4.2205787268644579e-01
#9.0000000000000002e-01    4.0428176372876834e-01    2.1799603179167357e-01    5.1055329449372766e-01
#1.0000000000000000e+00    3.4359667933213700e-01    2.5620351715340078e-01    6.2010273531096949e-01
#1.1000000000000001e+00    2.9488088266938917e-01    3.0072831433515063e-01    7.5049239296500869e-01
#1.2000000000000002e+00    2.5579718892966952e-01    3.5305850161166297e-01    8.9690610464958409e-01
#1.3000000000000000e+00    2.2427367804743170e-01    4.1563424981880259e-01    1.0513612316204961e+00
#1.3999999999999999e+00    1.9446390999348750e-01    4.9220225179646099e-01    1.2051357828317502e+00
1.5000000000000000e+00    1.5349219257750235e-01    5.8740076598750868e-01    1.3531695227578471e+00
1.6000000000000001e+00    1.2085400934999768e-01    7.0436605755649262e-01    1.5001544275916925e+00
1.7000000000000002e+00    9.4960592706300417e-02    8.4007280734120027e-01    1.6604954883589975e+00
1.8000000000000000e+00    7.4489001057131077e-02    9.8294057505208376e-01    1.8423411048264027e+00
1.9000000000000001e+00    5.8348753228472106e-02    1.1186109108138946e+00    2.0315555745037805e+00
2.0000000000000000e+00    4.5656396371661856e-02    1.2378521432991205e+00    2.2040409943088215e+00
2.1000000000000001e+00    3.5660349005816272e-02    1.3379080120415185e+00    2.3502024529193584e+00
2.2000000000000002e+00    2.7806590931753306e-02    1.4200668509706846e+00    2.4766723640063701e+00
2.2999999999999998e+00    2.1626798205566899e-02    1.4873503340077401e+00    2.5931427764634107e+00
2.4000000000000004e+00    1.6765267528981553e-02    1.5430064418996439e+00    2.7049612957902891e+00
2.5000000000000000e+00    1.2974419268104498e-02    1.5897731386643330e+00    2.8135961474267024e+00
2.6000000000000001e+00    9.9467122514482753e-03    1.6296951797217767e+00    2.9188252534324666e+00
2.7000000000000002e+00    7.6675286717531321e-03    1.6642146544702059e+00    3.0201404405263808e+00
2.8000000000000003e+00    5.7838839431738620e-03    1.6943405297272027e+00    3.1174020166015377e+00
2.9000000000000004e+00    4.3724230644670570e-03    1.7208035114756832e+00    3.2110521630988389e+00
3.0000000000000000e+00    3.3412792970821670e-03    1.7441712176163284e+00    3.3020876562117603e+00
3.1000000000000001e+00    2.6190358656350554e-03    1.7649107413394933e+00    3.3919502995430437e+00
3.2000000000000002e+00    2.0918036752917146e-03    1.7834320646210300e+00    3.4824298932401807e+00
3.3000000000000003e+00    1.5450803682952596e-03    1.8000898565654049e+00    3.5755617883186535e+00
3.4000000000000004e+00    1.1338205480200259e-03    1.8152081589560638e+00    3.6735028791299866e+00
3.5000000000000000e+00    8.2647581997008501e-04    1.8290518758365828e+00    3.7783262928354326e+00
3.6000000000000001e+00    5.9827244734833585e-04    1.8418740701037428e+00    3.8916425457744896e+00
3.7000000000000002e+00    4.2997858470528172e-04    1.8538508221676508e+00    4.0140761559280751e+00
3.8000000000000003e+00    3.0671084760314216e-04    1.8651605622916547e+00    4.1445948840230562e+00
3.9000000000000004e+00    2.1708149607491123e-04    1.8758955049980632e+00    4.2801340966016355e+00
4.0000000000000000e+00    1.5238178076515396e-04    1.8862179729131172e+00    4.4161325867474490e+00
