1.5000000000000000e+00    1.5349219257750235e-01    1.1727226234448394e+00    1.1710363978960552e+00    1.1693753726413272e+00    1.1677399393399404e+00    1.1661292313737484e+00    1.1645428531286799e+00    1.1629813611183024e+00    1.1614433569662683e+00    1.1599289708311014e+00    1.1584387003451722e+00    1.1569710181127895e+00
1.6000000000000001e+00    1.2085400934999768e-01    4.5866945927579295e+00    4.5550379984784861e+00    4.5237536749779643e+00    4.4928205865280093e+00    4.4623156109309665e+00    4.4323560696875335e+00    4.4027743446784013e+00    4.3735432326890793e+00    4.3446345743571806e+00    4.3160125960238283e+00    4.2876542481686384e+00
1.7000000000000000e+00    9.4960592706300417e-02    1.1844830360814921e+01    1.1784316031075242e+01    1.1725714616679488e+01    1.1668955407846800e+01    1.1613969292281720e+01    1.1560686085650138e+01    1.1508991312962197e+01    1.1458804039381963e+01    1.1410047353116953e+01    1.1362696554083515e+01    1.1316660280445015e+01
1.8000000000000000e+00    7.4489001057131077e-02    1.9867236865813489e+01    1.9751283702459457e+01    1.9642386413808950e+01    1.9539561777538008e+01    1.9442639361640548e+01    1.9351340813045411e+01    1.9265744210437258e+01    1.9185815933235233e+01    1.9111020217938727e+01    1.9040811039300479e+01    1.8975539580312784e+01
1.8999999999999999e+00    5.8348753228472106e-02    2.9688078382935252e+01    2.9584754340930957e+01    2.9507863990978720e+01    2.9452083409158615e+01    2.9419749663540372e+01    2.9409984223536036e+01    2.9420817605268756e+01    2.9452824697071261e+01    2.9502301518814768e+01    2.9574842321581169e+01    2.9670393013839721e+01
2.0000000000000000e+00    4.5656396371661856e-02    4.0768934712074618e+01    4.0658153462509716e+01    4.0628071871932441e+01    4.0681592843859192e+01    4.0808583237583015e+01    4.0999776660437050e+01    4.1258627095535132e+01    4.1588871351673859e+01    4.1978017848239148e+01    4.2434864603064227e+01    4.2936004750775986e+01
2.1000000000000001e+00    3.5660349005816272e-02    5.4511093702071314e+01    5.4191441433869706e+01    5.4099769379053178e+01    5.4211121327178844e+01    5.4504436575021039e+01    5.4945934219701499e+01    5.5517411845082428e+01    5.6194955702832758e+01    5.6947230393858000e+01    5.7767132648048140e+01    5.8635333973252138e+01
2.2000000000000002e+00    2.7806590931753306e-02    7.3195025072202995e+01    7.1782883717492496e+01    7.1014897959005722e+01    7.0735534854306366e+01    7.0830003655833082e+01    7.1222751065921344e+01    7.1874770233818779e+01    7.2736539800016416e+01    7.3779984287879401e+01    7.4980459708055022e+01    7.6313971984053751e+01
2.2999999999999998e+00    2.1626798205566899e-02    1.0182279932213901e+02    9.7067739397230937e+01    9.4160386063617011e+01    9.2554328296917021e+01    9.1937388076583360e+01    9.2098620889280227e+01    9.2864099064083604e+01    9.4147267091701622e+01    9.5841147877418152e+01    9.7987780086388753e+01    1.0045443515522379e+02
2.3999999999999999e+00    1.6765267528981553e-02    1.4541755560864257e+02    1.3575748944028368e+02    1.2833823785756249e+02    1.2364501758977842e+02    1.2123212835604967e+02    1.2047087536075409e+02    1.2085609354853872e+02    1.2213572025447746e+02    1.2415971871958786e+02    1.2666957552035383e+02    1.2945231643741658e+02
2.5000000000000000e+00    1.2974419268104498e-02    2.0093795512950530e+02    1.8846369227085361e+02    1.7709909300469030e+02    1.6726825245182147e+02    1.6069656050206791e+02    1.5730979402264458e+02    1.5634893527408587e+02    1.5721209598323566e+02    1.5951405822478878e+02    1.6284867814112513e+02    1.6703254833014469e+02
2.6000000000000001e+00    9.9467122514482753e-03    2.7848794917256487e+02    2.5638374020661502e+02    2.4016093751372475e+02    2.2737849445184824e+02    2.1718752320641343e+02    2.0988764997377103e+02    2.0632778224355548e+02    2.0649487641896636e+02    2.0951267863625156e+02    2.1493808458958679e+02    2.2207514477389338e+02
2.7000000000000002e+00    7.6675286717531321e-03    3.8858783395475268e+02    3.5493862960050893e+02    3.2618389913812382e+02    3.0506694414467506e+02    2.9050272966921591e+02    2.8003929387432521e+02    2.7416366419452004e+02    2.7347549877160873e+02    2.7675725165881380e+02    2.8208928002639760e+02    2.8898576995203757e+02
2.7999999999999998e+00    5.7838839431738620e-03    5.4174845826643684e+02    4.8869326968688080e+02    4.4921685671094542e+02    4.1578578698977731e+02    3.9023276733418646e+02    3.7289365643752888e+02    3.6133707408025168e+02    3.5740760294814555e+02    3.5902248297493333e+02    3.6486146797434213e+02    3.7311400517854690e+02
2.9000000000000004e+00    4.3724230644670570e-03    7.6506280778568316e+02    6.7699024681933315e+02    6.1228822809120174e+02    5.6701328046024025e+02    5.3293363448195066e+02    5.0598014206782096e+02    4.8309960322288350e+02    4.7267434065350614e+02    4.7268859997260114e+02    4.8126471908613041e+02    4.9554029121734197e+02
3.0000000000000000e+00    3.3412792970821670e-03    1.0728424581863683e+03    9.4770036043097161e+02    8.4188688984007752e+02    7.6662620100179970e+02    7.1779290534063466e+02    6.8498672936113780e+02    6.5992081273384906e+02    6.4602142003090967e+02    6.4655486627749860e+02    6.6050846296816007e+02    6.8563262446963358e+02
3.1000000000000001e+00    2.6190358656350554e-03    1.5198267231358748e+03    1.3125161536743738e+03    1.1736346720210570e+03    1.0561414801249946e+03    9.6348118028424096e+02    9.0584972394096314e+02    8.7477281631356300e+02    8.5495804299038809e+02    8.5724232103404654e+02    8.7454908995293874e+02    9.0112949884844886e+02
3.2000000000000002e+00    2.0918036752917146e-03    2.1639292082187267e+03    1.8487303350869047e+03    1.6086207463838778e+03    1.4571378828724573e+03    1.3421613820968130e+03    1.2515998811936411e+03    1.1758892061596100e+03    1.1403546454706473e+03    1.1366982716233447e+03    1.1666225064302994e+03    1.2436242942888612e+03
3.2999999999999998e+00    1.5450803682952596e-03    3.1184390275771552e+03    2.6198247787594828e+03    2.2548049973308302e+03    1.9943524137884201e+03    1.8364002950031181e+03    1.7243494072098763e+03    1.6344359899853857e+03    1.5892290930942274e+03    1.5957527685700127e+03    1.6757915957121484e+03    1.8142282386748357e+03
3.4000000000000004e+00    1.1338205480200259e-03    4.5152000109374485e+03    3.7259883817361983e+03    3.1981859665284233e+03    2.7854523062917424e+03    2.5061190526081728e+03    2.3504584851500153e+03    2.2335790442315806e+03    2.1931236887308769e+03    2.2225223799144242e+03    2.3203581208668866e+03    2.4407767628729271e+03
3.5000000000000000e+00    8.2647581997008501e-04    6.5642758143438696e+03    5.3629699801698280e+03    4.5340763024298067e+03    3.9426517774918361e+03    3.4993270175198763e+03    3.1951918612547402e+03    3.0312728446594547e+03    2.9737714784700520e+03    3.0109775034156091e+03    3.1144175220642637e+03    3.2606649655527817e+03
3.6000000000000001e+00    5.9827244734833585e-04    9.6042036631368464e+03    7.7229351274704786e+03    6.4781693534218875e+03    5.6135424436906969e+03    4.9605991721730989e+03    4.4743467690928146e+03    4.1745121382464122e+03    4.0437152082665834e+03    4.0897231885982110e+03    4.2671225366289073e+03    4.7098123244954913e+03
3.7000000000000002e+00    4.2997858470528172e-04    1.4237836868113634e+04    1.1138949804329728e+04    9.2519380764722209e+03    7.9668946700861979e+03    7.0777385598403607e+03    6.3953239641729378e+03    5.9483168535859868e+03    5.7010171743570181e+03    5.8367063727560126e+03    6.4505354129472098e+03    7.6264185757718824e+03
3.8000000000000003e+00    3.0671084760314216e-04    2.0946132617096766e+04    1.6208678787139886e+04    1.3325862382839381e+04    1.1415871397693812e+04    1.0077540791689895e+04    9.1545396642165015e+03    8.5097813838137063e+03    8.2471248078630651e+03    8.7248563369482872e+03    9.9782862952387659e+03    1.1449873476897341e+04
3.9000000000000004e+00    2.1708149607491123e-04    3.1118215360015944e+04    2.3989842430962486e+04    1.9679747618571735e+04    1.6514092620213603e+04    1.4374404051309828e+04    1.3007392666743101e+04    1.2110840902342510e+04    1.1891383403505550e+04    1.2827682278971593e+04    1.4374631425256408e+04    1.6071353572144859e+04
4.0000000000000000e+00    1.5238178076515396e-04    4.5915289369193357e+04    3.5722573463486915e+04    2.9021190929399851e+04    2.3808819353020805e+04    2.0721429887274346e+04    1.8541614069687897e+04    1.7013044771632092e+04    1.7019374491676303e+04    1.8293204860524373e+04    2.0254708177374752e+04    2.2430169452485250e+04
