5.0000000000000000e-01    6.6559036388286683e-02
1.0000000000000000e+00    6.7643848175694521e-02
1.5000000000000000e+00    6.6648020347189349e-02
2.5000000000000000e+00    6.5442037752928867e-02
3.5000000000000000e+00    6.4766758299669575e-02
5.0000000000000000e+00    6.4797028638492404e-02
7.5000000000000000e+00    6.4946340973329672e-02
1.1000000000000000e+01    6.5146861350417182e-02
1.6000000000000000e+01    6.5443207170295434e-02
2.3000000000000000e+01    6.6004906002770550e-02
3.4000000000000000e+01    6.7222235999102417e-02
5.0000000000000000e+01    6.9727006787363099e-02
7.3500000000000000e+01    7.4884677797437182e-02
1.0800000000000000e+02    8.5101691124155887e-02
1.5850000000000000e+02    1.0354728318924204e-01
2.3250000000000000e+02    1.3051709675476336e-01
3.4150000000000000e+02    1.5905694114978031e-01
5.0150000000000000e+02    2.0503776858493664e-01
7.3600000000000000e+02    2.9592233413308838e-01
1.0805000000000000e+03    4.1047234660377835e-01
1.5865000000000000e+03    5.3504826981717968e-01
2.3290000000000000e+03    6.3795924380103208e-01
3.4190000000000000e+03    7.9948011782102013e-01
5.0190000000000000e+03    9.0875643098545422e-01
7.3680000000000000e+03    9.6711353508264075e-01
1.0816500000000000e+04    9.9169445366573594e-01
1.5879000000000000e+04    9.9585220217376147e-01
2.3311000000000000e+04    9.9733341070308834e-01
3.4221000000000000e+04    9.9849770177153119e-01
5.0237500000000000e+04    9.9952010324882079e-01
7.3750000000000000e+04    9.9981874522675018e-01
