# n_sample= 2000, n_shot= 2048, n_iter= 30, n_sample= 2000
1.187369550725607  9.2536457337270939e-01
2.242809151370591  4.6342223855683251e-01
3.2982487520155748  3.1249718306878016e-01
4.3536883526605585  2.3258185138071674e-01
5.672987853466789  1.8638852900286640e-01
10.950185856691709  9.3531091866289273e-02
21.50458186314155  4.6678629928515569e-02
52.37619018200733  1.8665601069343118e-02
103.03729101296656  9.3383896497014618e-03
202.5124733737563  4.6688642717134243e-03
398.5603791935621  2.3343060683984618e-03
784.8512730296262  1.1671920449662920e-03
1546.3509448949821  5.8358739335329091e-04
