# eps= 0.007579780022571792, n_shot= 2048, n_iter=30, n_sample=2000
2.0  5.8964106671707661e-01
4.0  3.4936621056576050e-01
6.0  2.2426440686632379e-01
8.0  1.6884256241677478e-01
10.0  1.2045039325809676e-01
20.0  7.0933367114617354e-02
30.0  5.6083324680431978e-02
40.0  5.5103540236349155e-02
50.0  4.2568413530555529e-02
60.0  2.7671427328956562e-02
70.0  3.3037702603940712e-02
80.0  2.7500002992041171e-02
90.0  2.4836181851157886e-02
100.0  2.5073553385589729e-02
200.0  1.5700093868002737e-02
300.0  1.0773094850217350e-02
400.0  1.0010112939297707e-02
500.0  7.9703506843617749e-03
600.0  6.7916172851540798e-03
700.0  6.2243693922028479e-03
800.0  6.4742300553882080e-03
900.0  5.5341846049809188e-03
1000.0  5.8040905721619277e-03
2000.0  3.3668816133225182e-03
3000.0  2.6177786119653489e-03
4000.0  2.3007928734233001e-03
5000.0  2.2320950697149716e-03
