# n_sample= 2000, n_shot= 2048, n_iter= 30, n_sample= 2000
0.7917684829445663  1.4764246467649436e+00
1.511558012894172  7.3472259447185806e-01
2.231347542843778  4.7886272248453388e-01
2.9511370727933834  3.5800793164074918e-01
3.670926602742989  2.8434545283803381e-01
4.390716132692595  2.3705220391014059e-01
4.96654775665228  2.0326035788016306e-01
5.686337286601885  1.7836528539095475e-01
6.406126816551491  1.5894878234942844e-01
7.125916346501096  1.4305266749178358e-01
7.845705876450702  1.3003237659584421e-01
8.565495406400307  1.1888123721196209e-01
9.141327030359992  1.0972840962716113e-01
9.861116560309599  1.0167662630462715e-01
10.580906090259203  9.4986884152307383e-02
11.30069562020881  8.8922860272536042e-02
11.876527244168495  8.3860484099833599e-02
12.5963167741181  7.9188162405953832e-02
13.316106304067706  7.5208515645162066e-02
14.035895834017312  7.1401045920953976e-02
14.611727457976995  6.8061724510686261e-02
15.331516987926602  6.4855935666916054e-02
16.051306517876206  6.2048169707320966e-02
16.627138141835893  5.9379119989683815e-02
17.346927671785497  5.7013576268161614e-02
18.066717201735102  5.4773359112539666e-02
18.78650673168471  5.2773585028310421e-02
19.362338355644393  5.0906426969119067e-02
20.082127885593998  4.9201713061123087e-02
20.801917415543606  4.7589112818640089e-02
21.37774903950329  4.6058079017731401e-02
22.097538569452894  4.4616612534650102e-02
22.817328099402502  4.3237687833837413e-02
23.393159723362185  4.1962353908127525e-02
24.11294925331179  4.0726287660998395e-02
24.832738783261398  3.9595153041876330e-02
25.40857040722108  3.8497732004481477e-02
26.128359937170686  3.7514843578161816e-02
26.848149467120294  3.6552659469949234e-02
27.423981091079977  3.5679764504250144e-02
28.143770621029585  3.4800644878391296e-02
28.86356015097919  3.3994048156566592e-02
29.439391774938873  3.3183071627776783e-02
30.15918130488848  3.2438643940151834e-02
30.735012928848164  3.1690737110828593e-02
31.45480245879777  3.0999669401461816e-02
32.17459198874737  3.0317840739316537e-02
32.75042361270706  2.9694248437838411e-02
33.47021314265667  2.9089491239556509e-02
34.19000267260627  2.8524525017914470e-02
34.765834296565956  2.7971701542087501e-02
35.485623826515564  2.7441346932830513e-02
36.06145545047524  2.6927745833729588e-02
36.781244980424844  2.6427197418231074e-02
37.50103451037446  2.5944853541007618e-02
38.07686613433414  2.5466455578865066e-02
38.79665566428375  2.5014996722902083e-02
39.372487288243434  2.4571454777355228e-02
40.092276818193035  2.4163655108790039e-02
40.81206634814264  2.3758089978359820e-02
41.38789797210233  2.3382969065682602e-02
42.10768750205193  2.3003187057071273e-02
42.82747703200154  2.2652133338548097e-02
43.403308655961226  2.2293942387451082e-02
44.12309818591083  2.1958500531185976e-02
44.69892980987051  2.1612938841862217e-02
45.41871933982012  2.1289202828517872e-02
45.99455096377981  2.0963732000337743e-02
46.71434049372941  2.0662795481854346e-02
47.43413002367902  2.0363806703786125e-02
48.009961647638704  2.0082953279436211e-02
48.729751177588305  1.9804982237173974e-02
49.30558280154799  1.9540624198182144e-02
50.0253723314976  1.9280951479990094e-02
50.7451618614472  1.9026684156319362e-02
51.32099348540689  1.8775601683348242e-02
52.040783015356496  1.8525504696881967e-02
52.616614639316175  1.8285062001865526e-02
53.33640416926578  1.8047214138464440e-02
53.91223579322547  1.7823176088228365e-02
54.63202532317507  1.7598833653298840e-02
55.35181485312468  1.7389482814689217e-02
55.927646477084366  1.7178962784374363e-02
56.64743600703397  1.6983863486267126e-02
57.223267630993654  1.6783553345272040e-02
57.94305716094326  1.6594109183582617e-02
58.51888878490294  1.6397176152455728e-02
59.23867831485255  1.6211870746685619e-02
59.95846784480216  1.6022727137510628e-02
60.53429946876184  1.5845640631740210e-02
61.254088998711445  1.5666161784077204e-02
61.82992062267113  1.5497620119020894e-02
62.54971015262073  1.5329987707435322e-02
63.12554177658043  1.5172109155582092e-02
63.84533130653003  1.5015154364741434e-02
64.42116293048971  1.4861972903954523e-02
65.14095246043932  1.4708903397613327e-02
65.86074199038892  1.4557385035125492e-02
66.4365736143486  1.4409329356483980e-02
67.15636314429821  1.4261790885472081e-02
67.7321947682579  1.4119495659805636e-02
68.4519842982075  1.3976844075486383e-02
69.02781592216719  1.3842811409313427e-02
69.74760545211679  1.3708913416945023e-02
70.32343707607647  1.3584005243139075e-02
71.04322660602608  1.3455761737089844e-02
71.76301613597568  1.3334357956319209e-02
72.33884775993536  1.3208470489084689e-02
73.05863728988498  1.3089791697241893e-02
73.63446891384467  1.2966880671621439e-02
74.35425844379427  1.2850351904624802e-02
74.93009006775395  1.2730569581400175e-02
75.64987959770356  1.2618278351647305e-02
76.22571122166325  1.2505813578821190e-02
76.94550075161285  1.2400260008302411e-02
77.52133237557254  1.2294186424453457e-02
78.24112190552214  1.2191766141262050e-02
78.81695352948182  1.2089161708065177e-02
79.53674305943143  1.1988682253674554e-02
80.11257468339112  1.1888862481942652e-02
80.83236421334072  1.1788890483648728e-02
81.55215374329033  1.1690629520135332e-02
82.12798536725  1.1592405441367859e-02
82.84777489719961  1.1499126621631106e-02
83.4236065211593  1.1406024903420686e-02
84.14339605110891  1.1318201433429209e-02
84.7192276750686  1.1228622584841474e-02
85.4390172050182  1.1144215846737637e-02
86.01484882897788  1.1057392576093505e-02
86.73463835892748  1.0975287644598097e-02
87.31046998288717  1.0889340266919234e-02
88.03025951283678  1.0807231058432620e-02
88.60609113679646  1.0722172165170463e-02
89.32588066674607  1.0642352958802448e-02
89.90171229070576  1.0561388135490901e-02
90.62150182065535  1.0485182573543028e-02
91.19733344461504  1.0408010788642841e-02
91.91712297456465  1.0334594062502589e-02
92.49295459852434  1.0261076912680522e-02
93.21274412847394  1.0189821502638807e-02
93.78857575243363  1.0117990889009221e-02
94.50836528238322  1.0046218750362712e-02
95.08419690634291  9.9748138852451262e-03
95.80398643629252  9.9037149787530865e-03
96.52377596624213  9.8350296964468953e-03
97.09960759020181  9.7662175415624830e-03
97.81939712015142  9.7004974096268626e-03
98.3952287441111  9.6341890378397466e-03
99.1150182740607  9.5719340532909314e-03
99.69084989802039  9.5083941930624860e-03
100.41063942797  9.4480492430015772e-03
100.98647105192968  9.3847615197795164e-03
101.70626058187929  9.3242779953044419e-03
102.28209220583898  9.2614005207867223e-03
103.00188173578857  9.2020383199624689e-03
103.57771335974826  9.1408337637126635e-03
104.29750288969787  9.0829403490619853e-03
104.87333451365755  9.0240493354727391e-03
105.59312404360716  8.9687262880691065e-03
106.16895566756685  8.9131652690443985e-03
106.88874519751644  8.8597484239496538e-03
107.46457682147613  8.8054361486111787e-03
108.18436635142574  8.7517980976876686e-03
108.76019797538542  8.6980496320379075e-03
109.47998750533503  8.6446708008143247e-03
110.05581912929472  8.5919951064497013e-03
110.77560865924431  8.5390467797470393e-03
111.351440283204  8.4879089534695140e-03
112.07122981315361  8.4368364453517586e-03
112.6470614371133  8.3887018175232697e-03
113.3668509670629  8.3398281261359841e-03
113.94268259102259  8.2932702698776950e-03
114.66247212097218  8.2448630781470911e-03
115.23830374493187  8.1988071350060920e-03
115.95809327488148  8.1508341773304238e-03
116.53392489884116  8.1051073227662584e-03
117.25371442879077  8.0573006886108800e-03
117.82954605275046  8.0119305348631542e-03
118.54933558270007  7.9655894705794594e-03
119.12516720665974  7.9222556080136286e-03
119.84495673660935  7.8783670714024367e-03
120.42078836056905  7.8364709269624910e-03
120.99661998452873  7.7938308945260104e-03
121.71640951447833  7.7524555161687658e-03
122.29224113843802  7.7107462590060294e-03
123.01203066838761  7.6694025645824837e-03
123.5878622923473  7.6278053645086885e-03
124.3076518222969  7.5860628152693010e-03
124.88348344625659  7.5453148539708081e-03
125.6032729762062  7.5048145473957106e-03
126.17910460016589  7.4661432520457538e-03
126.8988941301155  7.4270379963685684e-03
127.47472575407517  7.3897663368462929e-03
128.19451528402476  7.3516035925003109e-03
128.77034690798445  7.3154342325860711e-03
129.49013643793404  7.2777287495995324e-03
130.06596806189373  7.2414930450488413e-03
130.78575759184335  7.2033778608098231e-03
131.36158921580304  7.1671604959817614e-03
132.08137874575263  7.1299063207845848e-03
