# beta= 3.3, n_shot= 2048, n_iter= 30, nmc= 16384
6.0  3.4447067335536565e+00
12.0  1.7999422393103690e+00
18.0  1.4051792122506115e+00
24.0  1.9236248176361310e+00
30.0  1.9924373212200747e-01
36.0  1.4107719391520240e-01
48.0  6.9967140846359521e-02
60.0  3.2752473401249857e-02
90.0  1.9046990908186304e-02
120.0  1.3965538598230687e-02
150.0  1.5845848752925860e-02
180.0  1.6302110186649680e-02
210.0  1.4261834448019666e-02
240.0  1.3949359064215964e-02
270.0  1.3562845464562065e-02
300.0  1.3964626739715295e-02
