5.0000000000000000e-01    6.7518912964480274e-02
1.0000000000000000e+00    6.7393880180617968e-02
1.5000000000000000e+00    6.7530933436315582e-02
2.5000000000000000e+00    6.6783498362534693e-02
3.5000000000000000e+00    6.5360345129718722e-02
5.0000000000000000e+00    6.5320481066307848e-02
7.5000000000000000e+00    6.4889479230543709e-02
1.1000000000000000e+01    6.5072185898514864e-02
1.6000000000000000e+01    6.5314836623426811e-02
2.3000000000000000e+01    6.5768691491481290e-02
3.4000000000000000e+01    6.6740664044787734e-02
5.0000000000000000e+01    6.8729953409882277e-02
7.3500000000000000e+01    7.2834582783245241e-02
1.0800000000000000e+02    8.1006788437652993e-02
1.5850000000000000e+02    9.6049678504964014e-02
2.3250000000000000e+02    1.1866443359166048e-01
3.4150000000000000e+02    1.4244770939797916e-01
5.0150000000000000e+02    1.8212050097131330e-01
7.3600000000000000e+02    2.7276225850478703e-01
1.0805000000000000e+03    3.9269397904096459e-01
1.5865000000000000e+03    5.1518720882704816e-01
2.3290000000000000e+03    6.2181135684953492e-01
3.4190000000000000e+03    8.1243832041728192e-01
5.0190000000000000e+03    9.3323970771207199e-01
7.3680000000000000e+03    9.6906030725974535e-01
1.0816500000000000e+04    9.8369310919802044e-01
1.5879000000000000e+04    9.9079523139609260e-01
2.3311000000000000e+04    9.9703750815875714e-01
3.4221000000000000e+04    9.9908096132152080e-01
5.0237500000000000e+04    9.9963814099015902e-01
7.3750000000000000e+04    9.9940339207152096e-01
