0.0000000000000000e+00    0.0000000000000000e+00
5.0000000000000003e-02    1.1529256656631914e-03
1.0000000000000001e-01    2.2535308266074211e-03
1.5000000000000002e-01    3.4167238756865406e-03
2.0000000000000001e-01    4.7337932144435688e-03
2.5000000000000000e-01    6.3128216463261815e-03
3.0000000000000004e-01    8.2928437168298032e-03
3.5000000000000003e-01    1.0864107990856735e-02
4.0000000000000002e-01    1.4306627040390024e-02
4.5000000000000001e-01    1.9060518073725899e-02
5.0000000000000000e-01    2.5836709166919769e-02
5.5000000000000004e-01    3.5750854471758728e-02
6.0000000000000009e-01    5.0451879680174248e-02
6.5000000000000002e-01    7.2262541422795215e-02
7.0000000000000007e-01    1.0446172937017068e-01
7.5000000000000000e-01    1.5175544814949593e-01
8.0000000000000004e-01    2.2102230074268886e-01
8.5000000000000009e-01    3.2228039722475693e-01
9.0000000000000002e-01    4.7013013135117926e-01
9.5000000000000007e-01    6.8534017635235067e-01
1.0000000000000000e+00    1.0000000000000002e+00
