0.0000000000000000e+00    0.0000000000000000e+00    6.4386114421031926e-01    2.2020848210792727e+00
4.5720429040389445e-03    2.1822438359970411e-02    6.2858340858232342e-01    2.2460524604464709e+00
9.0116910574221110e-03    4.3504499242518563e-02    6.1499860030292197e-01    2.2882751139186404e+00
1.3331465477152325e-02    6.5044496386756329e-02    6.0297166824192716e-01    2.3287881832523336e+00
1.7542785551507664e-02    8.6440743531795622e-02    5.9238455110469401e-01    2.3676966678477878e+00
2.1656106043931766e-02    1.0769155441674835e-01    5.8313452051804027e-01    2.4051715595646832e+00
2.5681033058324629e-02    1.2879524278072638e-01    5.7513255547264686e-01    2.4414435072769254e+00
2.9626427953473620e-02    1.4975012236284163e-01    5.6830195250184223e-01    2.4767966538277144e+00
3.3500501449556207e-02    1.7055450690220603e-01    5.6257766490442263e-01    2.5115610953598044e+00
3.7310899467941624e-02    1.9120671013793139e-01    5.5790518308737469e-01    2.5461027056853203e+00
4.1064779630824680e-02    2.1170504580912972e-01    5.5423979714786997e-01    2.5808102597245166e+00
4.4768883039523692e-02    2.3204782765491280e-01    5.5154645907186317e-01    2.6160890470553442e+00
4.8429601710399763e-02    2.5223336941439256e-01    5.4979928355982477e-01    2.6523465378323734e+00
5.2053041589572878e-02    2.7225998482668107e-01    5.4898146086882238e-01    2.6899799691143498e+00
5.5645083278352117e-02    2.9212598763088987e-01    5.4908526123442181e-01    2.7293627224217842e+00
5.9211440849843172e-02    3.1182969156613122e-01    5.5011224130509162e-01    2.7708315211224965e+00
6.2757721325086405e-02    3.3136941037151685e-01    5.5207387016367104e-01    2.8146716352778500e+00
6.6289484082341324e-02    3.5074345778615867e-01    5.5499180670477177e-01    2.8610993157145459e+00
6.9845014072251466e-02    3.7012783658082449e-01    5.5894023215635336e-01    2.9107170046134905e+00
7.3499741022646906e-02    3.8989171819030055e-01    5.6410389010218387e-01    2.9646912660850737e+00
7.7246788864579571e-02    4.0994666918345818e-01    5.7062130852893345e-01    3.0229505021905569e+00
8.1076384704762264e-02    4.3018470713981422e-01    5.7863685185325886e-01    3.0851181111676658e+00
8.4979241914345208e-02    4.5049784963888551e-01    5.8830648844552746e-01    3.1505025369065094e+00
8.8946330313348310e-02    4.7077811426018890e-01    5.9979851953411834e-01    3.2180416375032563e+00
9.2968591040862844e-02    4.9091751858324117e-01    6.1329340806837918e-01    3.2862719631158397e+00
9.7036586714234471e-02    5.1080808018755919e-01    6.2898272462161453e-01    3.3533308337448915e+00
1.0114005980553675e-01    5.3034181665265978e-01    6.4706321515503551e-01    3.4169944022284682e+00
1.0526737645290271e-01    5.4941074555806002e-01    6.6772916381561398e-01    3.4747791106897274e+00
1.0940483260901597e-01    5.6790688448327609e-01    6.9115743923707018e-01    3.5240960174380800e+00
1.1353579375795193e-01    5.8572225100782571e-01    7.1748600441316213e-01    3.5624693254961333e+00
1.1763966208571928e-01    6.0274886271122496e-01    7.4678410164264619e-01    3.5878040570176912e+00
1.2169067919984818e-01    6.1887873717299124e-01    7.7901163706325594e-01    3.5986705581287248e+00
1.2565661011521573e-01    6.3400389197264073e-01    8.1396895707744632e-01    3.5945691193914553e+00
1.2949741922055125e-01    6.4801634468969094e-01    8.5124002111256958e-01    3.5761282121764366e+00
1.3316411548856752e-01    6.6080811290365837e-01    8.9013232220723060e-01    3.5451815330474292e+00
1.3664842675450248e-01    6.7243573640131737e-01    9.3022935054841283e-01    3.5040215706675073e+00
1.4016278448336761e-01    6.8364788698079793e-01    9.7389701799272610e-01    3.4515487980426451e+00
1.4374208030248675e-01    6.9454340990321450e-01    1.0218169794071692e+00    3.3877398436454289e+00
1.4738902298112938e-01    7.0511319812177542e-01    1.0743256909715373e+00    3.3132073529675306e+00
1.5110558002650998e-01    7.1534814458968865e-01    1.1317573785064354e+00    3.2288708860957303e+00
1.5489271856175255e-01    7.2523914226016239e-01    1.1944311463973383e+00    3.1359370872528176e+00
1.5875009888709685e-01    7.3477708408640507e-01    1.2626375344565650e+00    3.0358601464451724e+00
1.6267572689482993e-01    7.4395286302162511e-01    1.3366214309699826e+00    2.9302849764336667e+00
1.6666555886952900e-01    7.5275737201903037e-01    1.4165582331029376e+00    2.8209905250287259e+00
1.7071307010240747e-01    7.6118150403182938e-01    1.5025310912908718e+00    2.7098106401184467e+00
1.7480879910702937e-01    7.6921615201323024e-01    1.5945007469170109e+00    2.5985665086363392e+00
1.7893988132210870e-01    7.7685220891644136e-01    1.6922753069708412e+00    2.4889943158166807e+00
1.8308960052996187e-01    7.8408056769467083e-01    1.7954783852586880e+00    2.3826828610209962e+00
1.8723698945974296e-01    7.9089212130112696e-01    1.9035188615375458e+00    2.2810306444668513e+00
1.9135651647892521e-01    7.9727776268901795e-01    2.0155622731769403e+00    2.1852029409623923e+00
1.9541790206336559e-01    8.0322838481155223e-01    2.1305105730624785e+00    2.0961176973738844e+00
1.9938611609372328e-01    8.0873488062193799e-01    2.2469929403624351e+00    2.0144429195811866e+00
2.0322940323405383e-01    8.1379817005125310e-01    2.3636076912959898e+00    1.9404609755805378e+00
2.0704847837377996e-01    8.1858438587190063e-01    2.4830593454390564e+00    1.8719116620138494e+00
2.1088429811917625e-01    8.2316211375374604e-01    2.6064818750728942e+00    1.8079526454478008e+00
2.1473362228951950e-01    8.2754030202528939e-01    2.7336691318710025e+00    1.7485499919477536e+00
2.1859325882218136e-01    8.3172789901503053e-01    2.8643976193808238e+00    1.6936116499078329e+00
2.2246016526472354e-01    8.3573385305146985e-01    2.9984331408769251e+00    1.6429971652323321e+00
2.2633155481395273e-01    8.3956711246310711e-01    3.1355355202398512e+00    1.5965286839729835e+00
2.3020500598617016e-01    8.4323662557844237e-01    3.2754669436274728e+00    1.5539991776540936e+00
2.3407857361690076e-01    8.4675134072597591e-01    3.4179974313925778e+00    1.5151820826993430e+00
2.3795089968832966e-01    8.5012020623420748e-01    3.5629135191301646e+00    1.4798384519832761e+00
2.4182132119194541e-01    8.5335217043163714e-01    3.7100226080821610e+00    1.4477235759647222e+00
2.4568997460348221e-01    8.5645618164676518e-01    3.8591625483229302e+00    1.4185923586623266e+00
2.4955789738317305e-01    8.5944118820809134e-01    4.0102076962811051e+00    1.3922038777803829e+00
2.5342712353824182e-01    8.6231613844411592e-01    4.1630740432011963e+00    1.3683249419875441e+00
2.5730077105228261e-01    8.6508998068333864e-01    4.3177217224885549e+00    1.3467340578268094e+00
2.6118312654200770e-01    8.6777166325426003e-01    4.4741659202723083e+00    1.3272213984013990e+00
2.6507972544514552e-01    8.7037013448537981e-01    4.6324766911868052e+00    1.3095915492271948e+00
2.6899737709772159e-01    8.7289431006775353e-01    4.7927837114703937e+00    1.2936635870382629e+00
2.7292144035836452e-01    8.7533911123960839e-01    4.9543285990099877e+00    1.2793515267601412e+00
2.7683458455219273e-01    8.7769878404592649e-01    5.1162356819751942e+00    1.2665627091970668e+00
2.8073532217004310e-01    8.7997765157160424e-01    5.2782696104567028e+00    1.2551502972842865e+00
2.8462267788254692e-01    8.8218003690153768e-01    5.4402256266699709e+00    1.2449765051320758e+00
2.8849623252556678e-01    8.8431026312062289e-01    5.6019250889330641e+00    1.2359153482761145e+00
2.9235615799122888e-01    8.8637265331375636e-01    5.7632176758534346e+00    1.2278515321407339e+00
2.9620325111955159e-01    8.8837153056583429e-01    5.9239880138368868e+00    1.2206794667518053e+00
3.0003896101233629e-01    8.9031121796175250e-01    6.0841485490317151e+00    1.2143049817878036e+00
3.0386541208879109e-01    8.9219603858640772e-01    6.2436474448749273e+00    1.2086427887893978e+00
3.0768542397934173e-01    8.9403031552469581e-01    6.4024628202953782e+00    1.2036176734756558e+00
3.1150252651867383e-01    8.9581837186151292e-01    6.5606055774982419e+00    1.1991635734564334e+00
3.1532097290052302e-01    8.9756453068175557e-01    6.7181172400145055e+00    1.1952231940532123e+00
3.1914574852860095e-01    8.9927311507031971e-01    6.8750663926735953e+00    1.1917486324845215e+00
3.2298257859410107e-01    9.0094844811210162e-01    7.0315505519029537e+00    1.1887004550987019e+00
3.2683793402784694e-01    9.0259485289199759e-01    7.1876901789532388e+00    1.1860492081303964e+00
3.3071903500102395e-01    9.0421665249490368e-01    7.3436264679710206e+00    1.1837761146729298e+00
3.3463385455200956e-01    9.0581817000571607e-01    7.4995191253172928e+00    1.1818748654842299e+00
3.3858435631864592e-01    9.0740104575441105e-01    7.6552748027480639e+00    1.1803573484305443e+00
3.4256051243033792e-01    9.0896217841313209e-01    7.8103303641609987e+00    1.1792550375239059e+00
3.4655623188623602e-01    9.1050025583082039e-01    7.9642861096311037e+00    1.1786183500189660e+00
3.5056512918839833e-01    9.1201399781420400e-01    8.1167434926644439e+00    1.1785245335854122e+00
3.5458046120977699e-01    9.1350212417001120e-01    8.2673056100991982e+00    1.1790888954089653e+00
3.5859514632263123e-01    9.1496335470497026e-01    8.4155816788008195e+00    1.1804794307967308e+00
3.6260178762610629e-01    9.1639640922580967e-01    8.5611926626275228e+00    1.1829372947415189e+00
3.6659269939747202e-01    9.1780000753925728e-01    8.7037753132121161e+00    1.1868068067355311e+00
3.7055993773520979e-01    9.1917286945204169e-01    8.8429916157531636e+00    1.1925766582282780e+00
3.7449533449353850e-01    9.2051371477089128e-01    8.9785322960381020e+00    1.2009404508795358e+00
3.7839053394940875e-01    9.2182126330253389e-01    9.1101267288640599e+00    1.2128801133878717e+00
3.8223703298705292e-01    9.2309423485369813e-01    9.2375513216519050e+00    1.2297825143393268e+00
3.8602622346863646e-01    9.2433134923111226e-01    9.3606394294672608e+00    1.2535969292652280e+00
3.8974943737514023e-01    9.2553132624150436e-01    9.4792958058490147e+00    1.2870385528446728e+00
3.9339799446647533e-01    9.2669288569160302e-01    9.5935123984862560e+00    1.3338374817200183e+00
3.9696325224119916e-01    9.2781474738813619e-01    9.7033904891692639e+00    1.3990158841691227e+00
4.0043665850845350e-01    9.2889563113783225e-01    9.8091693726491638e+00    1.4891559343363041e+00
4.0387130204731964e-01    9.2995309236255974e-01    9.9131251764667638e+00    1.6152675690748175e+00
4.0744291952738293e-01    9.3104102169262082e-01    1.0021562655342530e+01    1.8020949101419645e+00
4.1113334852503047e-01    9.3215274698527828e-01    1.0135807484199878e+01    2.0806754419901377e+00
4.1490900292999655e-01    9.3327698096145706e-01    1.0258419624689820e+01    2.4958996131769018e+00
4.1873652541940515e-01    9.3440243634208198e-01    1.0395056605758326e+01    3.1129572391360649e+00
4.2258416235491675e-01    9.3551782584807797e-01    1.0557228649820370e+01    4.0247338654036291e+00
4.2642426672041883e-01    9.3661186220037018e-01    1.0767838173815809e+01    5.3559269163207261e+00
4.3023785820023186e-01    9.3767325811988356e-01    1.1072507949896419e+01    7.2443830542024887e+00
4.3402289209944922e-01    9.3869072632754269e-01    1.1562689888958465e+01    9.7435163250225383e+00
4.3780873630466832e-01    9.3965297954427285e-01    1.2420913459756745e+01    1.2547366420002728e+01
4.4167898147571782e-01    9.4054873049099885e-01    1.4000147929902077e+01    1.4593377856067113e+01
4.4579893486821387e-01    9.4136669188864575e-01    1.6935477357074070e+01    1.4325146638703872e+01
4.5042772427651889e-01    9.4209557645813835e-01    2.2251532788274044e+01    1.1406783887936278e+01
4.5587241520739641e-01    9.4272409692040171e-01    3.1392936321010218e+01    7.5377129166034100e+00
4.6232180748493884e-01    9.4324096599636065e-01    4.5954814709833848e+01    4.4592645036117835e+00
4.6947981161540520e-01    9.4363489640694020e-01    6.6358098430572710e+01    2.6108414772379716e+00
4.7603849322592617e-01    9.4389460087306531e-01    8.8618535672890999e+01    1.6943530262217339e+00
4.8002146685281760e-01    9.4402074374733558e-01    1.0369180750648191e+02    1.3359178147476609e+00
4.8341403590909193e-01    9.4411408804001118e-01    1.1741309186907245e+02    1.1054897167774573e+00
4.8695428571657878e-01    9.4420023623214622e-01    1.3256391447804944e+02    9.1787961479196212e-01
4.9062988123346490e-01    9.4427959025039165e-01    1.4915864935295929e+02    7.6531300486841436e-01
4.9442509879122681e-01    9.4435255202139845e-01    1.6717901640897938e+02    6.4127909802620442e-01
4.9832122193420897e-01    9.4441952347181790e-01    1.8657128373861815e+02    5.4038483130499959e-01
5.0229722423583634e-01    9.4448090652830075e-01    2.0724621683479177e+02    4.5820030161557401e-01
5.0633073797956951e-01    9.4453710311749839e-01    2.2908240675728376e+02    3.9111013239909137e-01
5.1039928437745652e-01    9.4458851516606168e-01    2.5193327656856852e+02    3.3617798567476254e-01
5.1448170907548196e-01    9.4463554460064192e-01    2.7563759073570139e+02    2.9102746936728446e-01
5.1855974224223100e-01    9.4467859334788973e-01    3.0003282119993537e+02    2.5373984995350002e-01
5.2261958899854533e-01    9.4471806333445651e-01    3.2497030245247987e+02    2.2276796765261744e-01
5.2665345807319131e-01    9.4475435648699324e-01    3.5033092949636784e+02    1.9686471516684625e-01
5.3066095478873943e-01    9.4478787473215098e-01    3.7604013292269832e+02    1.7502442464456491e-01
5.3465029631366134e-01    9.4481901999658069e-01    4.0208113811565397e+02    1.5643530381855597e-01
5.3863934796171853e-01    9.4484819420693344e-01    4.2850591143336226e+02    1.4044126278711316e-01
5.4265652243773599e-01    9.4487579928986054e-01    4.5544360163635633e+02    1.2651164359565495e-01
5.4673927529422628e-01    9.4490222240778565e-01    4.8309073259861515e+02    1.1422405678243185e-01
5.5084020804375944e-01    9.4492727726212100e-01    5.1106629797911870e+02    1.0347354666852046e-01
5.5491436483726808e-01    9.4495084238965654e-01    5.3899434057391977e+02    9.4125540165137925e-02
5.5895209359361708e-01    9.4497302013653450e-01    5.6673802169194983e+02    8.5973004778702081e-02
5.6294583271332155e-01    9.4499391284889733e-01    5.9417773958856878e+02    7.8839528068012657e-02
5.6689041147302477e-01    9.4501362287288726e-01    6.2121459568591456e+02    7.2574737296344866e-02
5.7078329124266358e-01    9.4503225255464685e-01    6.4777277301674860e+02    6.7050394176386405e-02
5.7462474499957861e-01    9.4504990424031821e-01    6.7380078546300274e+02    6.2157050887211150e-02
5.7841797683325213e-01    9.4506668027604379e-01    6.9927161084609941e+02    5.7801228130400437e-02
5.8216918688481212e-01    9.4508268300796594e-01    7.2418183309724373e+02    5.3902980180795368e-02
5.8588758958636566e-01    9.4509801478222699e-01    7.4854982218993734e+02    5.0393908797695133e-02
5.8958539481599881e-01    9.4511277794496951e-01    7.7241319165527898e+02    4.7215437053609574e-02
5.9327776215466121e-01    9.4512707484233560e-01    7.9582555400275533e+02    4.4317410266909711e-02
5.9698273780851174e-01    9.4514100782046773e-01    8.1885270749542826e+02    4.1656907235712075e-02
6.0072118237189787e-01    9.4515467922550811e-01    8.4156823505030980e+02    3.9197284285135116e-02
6.0451669528675156e-01    9.4516819140359931e-01    8.6404851869274262e+02    3.6907382052310790e-02
6.0839553866390450e-01    9.4518164670088345e-01    8.8636701758830293e+02    3.4760884993944953e-02
6.1238655923512331e-01    9.4519514746350297e-01    9.0858769995549994e+02    3.2735795443507541e-02
6.1641725149737425e-01    9.4520845718851298e-01    9.3021144376148243e+02    3.0860263152609934e-02
6.2038884180652787e-01    9.4522127828167057e-01    9.5066397843392031e+02    2.9162345225253034e-02
6.2430355383118963e-01    9.4523365422764971e-01    9.6994728821304545e+02    2.7620421339352583e-02
6.2816503742412555e-01    9.4524562860151329e-01    9.8807334550028520e+02    2.6215584208450673e-02
6.3197827018782626e-01    9.4525724497832497e-01    1.0050614173729043e+03    2.4931313399454032e-02
6.3574947315015984e-01    9.4526854693314788e-01    1.0209355296206699e+03    2.3753179963185461e-02
6.3948601687616236e-01    9.4527957804104545e-01    1.0357219655138770e+03    2.2668588426460443e-02
6.4319632053499920e-01    9.4529038187708103e-01    1.0494468064630703e+03    2.1666564646215906e-02
6.4688974593736870e-01    9.4530100201631806e-01    1.0621336268308739e+03    2.0737564620090496e-02
6.5057648790984823e-01    9.4531148203381954e-01    1.0738012930285242e+03    1.9873325674820069e-02
6.5426746141841885e-01    9.4532186550464914e-01    1.0844618634740184e+03    1.9066737830857827e-02
6.5797418558061238e-01    9.4533219600386997e-01    1.0941187482499615e+03    1.8311732304663150e-02
6.6170866379697779e-01    9.4534251710654571e-01    1.1027648779302870e+03    1.7603202970113533e-02
6.6548325857905843e-01    9.4535287238773924e-01    1.1103811123313642e+03    1.6936937060091060e-02
6.6931055957086583e-01    9.4536330542251423e-01    1.1169348347554130e+03    1.6309568253302164e-02
6.7320324247994268e-01    9.4537385978593402e-01    1.1223786904133976e+03    1.5718544191347005e-02
6.7717391652370418e-01    9.4538457905306161e-01    1.1266496340548090e+03    1.5162115131615878e-02
6.8119469194566973e-01    9.4539539858067712e-01    1.1296451003830077e+03    1.4644291239915987e-02
6.8515159943681292e-01    9.4540602446569788e-01    1.1312800700611017e+03    1.4177775089434340e-02
6.8904501320937128e-01    9.4541647077754654e-01    1.1316138745455073e+03    1.3759141494352600e-02
6.9288456640806406e-01    9.4542677522880214e-01    1.1307037972920655e+03    1.3384609957751415e-02
6.9668023436228299e-01    9.4543697553204420e-01    1.1285964331504417e+03    1.3051157643428122e-02
7.0044219897467741e-01    9.4544710939985166e-01    1.1253273967722187e+03    1.2756470067038769e-02
7.0418071957188111e-01    9.4545721454480403e-01    1.1209213188485387e+03    1.2498906681334397e-02
7.0790600928053760e-01    9.4546732867948047e-01    1.1153921903710004e+03    1.2277475985822692e-02
7.1162811584603569e-01    9.4547748951646016e-01    1.1087439235197010e+03    1.2091823189467280e-02
7.1535680571052052e-01    9.4548773476832226e-01    1.1009711610559261e+03    1.1942226120804750e-02
7.1910145040308027e-01    9.4549810214764651e-01    1.0920603104363381e+03    1.1829598677387301e-02
7.2287091452066921e-01    9.4550862936701141e-01    1.0819908107770589e+03    1.1755501485284670e-02
7.2667344488028407e-01    9.4551935413899657e-01    1.0707366002921710e+03    1.1722156791348458e-02
7.3051656083420724e-01    9.4553031417618127e-01    1.0582678168160110e+03    1.1732466356350885e-02
7.3440694627876102e-01    9.4554154719114469e-01    1.0445527112404636e+03    1.1790035912265023e-02
7.3835034438213620e-01    9.4555309089646611e-01    1.0295597654540550e+03    1.1899197139414130e-02
7.4235145667761215e-01    9.4556498300472458e-01    1.0132599992608820e+03    1.2065039253559022e-02
7.4638511667281593e-01    9.4557717361980498e-01    9.9575782243128185e+02    1.2291602382696026e-02
7.5033056971409351e-01    9.4558931299082871e-01    9.7763941563018682e+02    1.2574346255227752e-02
7.5419216651135979e-01    9.4560142002778380e-01    9.5898971328837047e+02    1.2913273264059024e-02
7.5798987450216404e-01    9.4561356410217778e-01    9.3980444962176614e+02    1.3310448439074019e-02
7.6174229896654266e-01    9.4562581458551787e-01    9.2006591422730810e+02    1.3769216515495461e-02
7.6546656171368022e-01    9.4563824084931147e-01    8.9974747444327340e+02    1.4294254652142789e-02
7.6917819085143335e-01    9.4565091226506592e-01    8.7881775453578905e+02    1.4891646732892639e-02
7.7289101912194480e-01    9.4566389820428864e-01    8.5724449512743865e+02    1.5568981970033001e-02
7.7661709004923229e-01    9.4567726803848684e-01    8.3499810624682277e+02    1.6335486851164132e-02
7.8036657346225091e-01    9.4569109113916794e-01    8.1205510969730574e+02    1.7202181568060974e-02
7.8414769271311491e-01    9.4570543687783937e-01    7.8840105286171536e+02    1.8182095318844398e-02
7.8796666734039311e-01    9.4572037462600866e-01    7.6403335754983732e+02    1.9290507386329151e-02
7.9182767618168381e-01    9.4573597375518292e-01    7.3896363363509602e+02    2.0545253603206793e-02
7.9573284541436551e-01    9.4575230363686946e-01    7.1321954309837054e+02    2.1967092021335632e-02
7.9968226666301245e-01    9.4576943364257571e-01    6.8684613141254158e+02    2.3580138825481749e-02
8.0367404954315480e-01    9.4578743314380920e-01    6.5990649531215763e+02    2.5412380249950111e-02
8.0770441186653086e-01    9.4580637151207714e-01    6.3248171393232997e+02    2.7496275375048861e-02
8.1173255882103945e-01    9.4582614116300590e-01    6.0491175906330523e+02    2.9847587948846559e-02
8.1556220374676525e-01    9.4584579225215881e-01    5.7861204601809038e+02    3.2368726016341727e-02
8.1922813323885679e-01    9.4586545925818155e-01    5.5340939967753343e+02    3.5081729073715866e-02
8.2279703060394249e-01    9.4588548545372730e-01    5.2889652514670161e+02    3.8046136176164008e-02
8.2632490850914864e-01    9.4590621411145048e-01    5.0473288229903579e+02    4.1336614513324405e-02
8.2985768805374593e-01    9.4592798850400450e-01    4.8064758458306829e+02    4.5045212143873414e-02
8.3343153027174377e-01    9.4595115190404333e-01    4.5644155779931521e+02    4.9284662550967188e-02
8.3707303878076988e-01    9.4597604758422049e-01    4.3198897864746385e+02    5.4192765461343766e-02
8.4079945121420019e-01    9.4600301881719007e-01    4.0723714708651283e+02    5.9938263428522945e-02
8.4461892771833202e-01    9.4603240887560580e-01    3.8220418489525190e+02    6.6728326028857810e-02
8.4853102692169124e-01    9.4606456103212133e-01    3.5697372471952616e+02    7.4818126289728448e-02
8.5252743152060195e-01    9.4609981855939063e-01    3.3168631556911680e+02    8.4522880056215111e-02
8.5659294956940923e-01    9.4613852473006732e-01    3.0652749438704734e+02    9.6232879361299845e-02
8.6070677494818471e-01    9.4618102281680516e-01    2.8171308708486447e+02    1.1043215093025437e-01
8.6484395108230039e-01    9.4622765609225823e-01    2.5747299479571609e+02    1.2772125665207190e-01
8.6897694878156517e-01    9.4627876782908016e-01    2.3403460855620278e+02    1.4884548885538390e-01
8.7307724587661240e-01    9.4633470129992447e-01    2.1160774039055758e+02    1.7472881304167939e-01
8.7750435785128456e-01    9.4640201283508230e-01    1.8838170087869688e+02    2.0996196839028161e-01
8.8491019109613855e-01    9.4653484258477827e-01    1.5200192765693012e+02    2.9376274976393735e-01
8.9390058719397303e-01    9.4674360789089052e-01    1.1236795162928506e+02    4.6879970825156542e-01
9.0265680566910989e-01    9.4702572101488536e-01    7.8975356354079821e+01    8.0414802175470956e-01
9.1027722332051708e-01    9.4737859421822879e-01    5.4418398574822113e+01    1.4141045514039785e+00
9.1654556223078820e-01    9.4779963976238690e-01    3.7550464192655653e+01    2.4681714146219451e+00
9.2158002655904325e-01    9.4828626990882614e-01    2.6293948012374685e+01    4.1857844725642721e+00
9.2560619506472863e-01    9.4883589691901260e-01    1.8840872827520457e+01    6.7899367198691971e+00
9.2885342527045034e-01    9.4944593305441249e-01    1.3899487993883936e+01    1.0383924440848206e+01
9.3151982164327662e-01    9.5011379057649170e-01    1.0613237784885960e+01    1.4746168997117204e+01
9.3376613093771887e-01    9.5083688174671677e-01    8.4263952118418821e+00    1.9162385823321415e+01
9.3571898934261610e-01    9.5161261882655357e-01    6.9757510376841108e+00    2.2559399243509226e+01
9.3747583596707673e-01    9.5243841407746843e-01    6.0187180526647612e+00    2.4046699014883853e+01
9.3910945837927839e-01    9.5331167976092757e-01    5.3901231776544236e+00    2.3450012829743848e+01
9.4067222723261767e-01    9.5422982813839685e-01    4.9771653333474921e+00    2.1305281456323765e+01
9.4220027663643491e-01    9.5519027147134272e-01    4.7039062611625759e+00    1.8406847727982196e+01
9.4371748199733030e-01    9.5619042202123150e-01    4.5203513155187425e+00    1.5402780560894131e+01
9.4525719030975863e-01    9.5724032727790009e-01    4.3929853366005496e+00    1.2634149763937575e+01
9.4717477834532182e-01    9.5858313094626491e-01    4.2861543307645400e+00    9.8056306602451020e+00
9.4956280537136784e-01    9.6029327442053514e-01    4.1994448205404806e+00    7.2174448060034768e+00
9.5237599505566295e-01    9.6234474808265480e-01    4.1317309549749011e+00    5.1870407584944376e+00
9.5557441927850628e-01    9.6471154231456768e-01    4.0766740435483113e+00    3.7570796849137862e+00
9.5911910458637206e-01    9.6736764749821769e-01    4.0283477989755667e+00    2.8274862019295171e+00
9.6297035429842670e-01    9.7028705401554916e-01    3.9827451605638720e+00    2.2626014641329504e+00
9.6708764145363280e-01    9.7344375224850566e-01    3.9375558978629512e+00    1.9394402828103332e+00
9.7143007074534704e-01    9.7681173257903142e-01    3.8916058323141849e+00    1.7636955504526364e+00
9.7595693325166777e-01    9.8036498538907024e-01    3.8444064312820125e+00    1.6721425848939704e+00
9.8062819702556425e-01    9.8407750106056602e-01    3.7958696080642005e+00    1.6269828834333777e+00
9.8540490252741875e-01    9.8792326997546331e-01    3.7461388750213542e+00    1.6072708977144332e+00
9.9024946687744198e-01    9.9187628251570525e-01    3.6954913741467750e+00    1.6017935460388641e+00
9.9512590820584923e-01    9.9591052906323618e-01    3.6442803323797857e+00    1.6045417164730187e+00
1.0000000000000000e+00    9.9999999999999989e-01    3.5928972899871932e+00    1.6122366123614826e+00
