# K is  5.8273959285741839e+00
# Error estimate is 1.4342515442855586e-05
# s, K(s)
0.0000000000000000e+00    0.0000000000000000e+00
2.1822438359970411e-02    3.0872529130143246e-02
4.3504499242518563e-02    6.1432095577655839e-02
6.5044496386756329e-02    9.1709135728411481e-02
8.6440743531795622e-02    1.2173373290197263e-01
1.0769155441674835e-01    1.5153648607695142e-01
1.2879524278072638e-01    1.8114920842260235e-01
1.4975012236284163e-01    2.1060553479445246e-01
1.7055450690220603e-01    2.3994145638542891e-01
1.9120671013793139e-01    2.6919578084745616e-01
2.1170504580912972e-01    2.9841047499347451e-01
2.3204782765491280e-01    3.2763096739765329e-01
2.5223336941439256e-01    3.5690640740960383e-01
2.7225998482668107e-01    3.8628983908835868e-01
2.9212598763088987e-01    4.1583832219148947e-01
3.1182969156613122e-01    4.4561299804091009e-01
3.3136941037151685e-01    4.7567911942414492e-01
3.5074345778615867e-01    5.0610600234694603e-01
3.7012783658082449e-01    5.3725597406973857e-01
3.8989171819030055e-01    5.6984968353440213e-01
4.0994666918345818e-01    6.0390527481241474e-01
4.3018470713981422e-01    6.3941162156334319e-01
4.5049784963888551e-01    6.7635365973426298e-01
4.7077811426018890e-01    7.1470528299618841e-01
4.9091751858324117e-01    7.5442080710339066e-01
5.1080808018755919e-01    7.9542529327685230e-01
5.3034181665265978e-01    8.3760392831055852e-01
5.4941074555806002e-01    8.8079101725026021e-01
5.6790688448327609e-01    9.2475935624289640e-01
5.8572225100782571e-01    9.6921082755096422e-01
6.0274886271122496e-01    1.0137694398646173e+00
6.1887873717299124e-01    1.0579779244386485e+00
6.3400389197264073e-01    1.1012988488708357e+00
6.4801634468969094e-01    1.1431209918900109e+00
6.6080811290365837e-01    1.1827710111817673e+00
6.7243573640131737e-01    1.2200658742638115e+00
6.8364788698079793e-01    1.2571823022853259e+00
6.9454340990321450e-01    1.2943521285302864e+00
7.0511319812177542e-01    1.3314576554179318e+00
7.1534814458968865e-01    1.3683739773924244e+00
7.2523914226016239e-01    1.4049708456329186e+00
7.3477708408640507e-01    1.4411147121267165e+00
7.4395286302162511e-01    1.4766708445762631e+00
7.5275737201903037e-01    1.5115053849724875e+00
7.6118150403182938e-01    1.5454872072869752e+00
7.6921615201323024e-01    1.5784894267995111e+00
7.7685220891644136e-01    1.6103904481148066e+00
7.8408056769467083e-01    1.6410744143351153e+00
7.9089212130112696e-01    1.6704311052615144e+00
7.9727776268901795e-01    1.6983552052369424e+00
8.0322838481155223e-01    1.7247450228894954e+00
8.0873488062193799e-01    1.7495009314529673e+00
8.1379817005125310e-01    1.7725696571006957e+00
8.1858438587190063e-01    1.7946668602174380e+00
8.2316211375374604e-01    1.8160894481545355e+00
8.2754030202528939e-01    1.8368667418696558e+00
8.3172789901503053e-01    1.8570299471408835e+00
8.3573385305146985e-01    1.8766117371550322e+00
8.3956711246310711e-01    1.8956459153959253e+00
8.4323662557844237e-01    1.9141671651901102e+00
8.4675134072597591e-01    1.9322108885340823e+00
8.5012020623420748e-01    1.9498131388707216e+00
8.5335217043163714e-01    1.9670106295654242e+00
8.5645618164676518e-01    1.9838408177366400e+00
8.5944118820809134e-01    2.0003420607817839e+00
8.6231613844411592e-01    2.0165538230759985e+00
8.6508998068333864e-01    2.0325169288878979e+00
8.6777166325426003e-01    2.0482738550229556e+00
8.7037013448537981e-01    2.0638690513573184e+00
8.7289431006775353e-01    2.0793490844557341e+00
8.7533911123960839e-01    2.0946744711083660e+00
8.7769878404592649e-01    2.1097963810982230e+00
8.7997765157160424e-01    2.1247271823789831e+00
8.8218003690153768e-01    2.1394795078715583e+00
8.8431026312062289e-01    2.1540664694240275e+00
8.8637265331375636e-01    2.1685018674970316e+00
8.8837153056583429e-01    2.1828003901822455e+00
8.9031121796175250e-01    2.1969778091747485e+00
8.9219603858640772e-01    2.2110511619000470e+00
8.9403031552469581e-01    2.2250389205270151e+00
8.9581837186151292e-01    2.2389611538771783e+00
8.9756453068175557e-01    2.2528396762766194e+00
8.9927311507031971e-01    2.2666981892357607e+00
9.0094844811210162e-01    2.2805624187006752e+00
9.0259485289199759e-01    2.2944602535573457e+00
9.0421665249490368e-01    2.3084218947327195e+00
9.0581817000571607e-01    2.3224800236684504e+00
9.0740104575441105e-01    2.3366457688450657e+00
9.0896217841313209e-01    2.3508876583055369e+00
9.1050025583082039e-01    2.3651890125917068e+00
9.1201399781420400e-01    2.3795329939399679e+00
9.1350212417001120e-01    2.3939027264869286e+00
9.1496335470497026e-01    2.4082818520345142e+00
9.1639640922580967e-01    2.4226552770288130e+00
9.1780000753925728e-01    2.4370101822856869e+00
9.1917286945204169e-01    2.4513373844746522e+00
9.2051371477089128e-01    2.4656331740730795e+00
9.2182126330253389e-01    2.4799017908299370e+00
9.2309423485369813e-01    2.4941587313530937e+00
9.2433134923111226e-01    2.5084351136374012e+00
9.2553132624150436e-01    2.5227832955293414e+00
9.2669288569160302e-01    2.5372838343472619e+00
9.2781474738813619e-01    2.5520536135103056e+00
9.2889563113783225e-01    2.5672544922673652e+00
9.2995309236255974e-01    2.5834025528846247e+00
9.3104102169262082e-01    2.6018698334039936e+00
9.3215274698527828e-01    2.6235248097790431e+00
9.3327698096145706e-01    2.6496046951439589e+00
9.3440243634208198e-01    2.6819633941395149e+00
9.3551782584807797e-01    2.7233108023667798e+00
9.3661186220037018e-01    2.7775091792971165e+00
9.3767325811988356e-01    2.8498421281650956e+00
9.3869072632754269e-01    2.9469005468667993e+00
9.3965297954427285e-01    3.0750999647003354e+00
9.4054873049099885e-01    3.2361994358999802e+00
9.4136669188864575e-01    3.4200951750140831e+00
9.4209557645813835e-01    3.6028183014294020e+00
9.4272409692040171e-01    3.7582898657735435e+00
9.4324096599636065e-01    3.8729862887626747e+00
9.4363489640694020e-01    3.9476374103843099e+00
9.4389460087306531e-01    3.9896604444402270e+00
9.4402074374733558e-01    4.0078698037701663e+00
9.4411408804001118e-01    4.0203936871727652e+00
9.4420023623214622e-01    4.0312262296765393e+00
9.4427959025039165e-01    4.0405835236026499e+00
9.4435255202139845e-01    4.0486591072929503e+00
9.4441952347181790e-01    4.0556251503179324e+00
9.4448090652830075e-01    4.0616339636401211e+00
9.4453710311749839e-01    4.0668196765594855e+00
9.4458851516606168e-01    4.0712999720289211e+00
9.4463554460064192e-01    4.0751778073081342e+00
9.4467859334788973e-01    4.0785430701887986e+00
9.4471806333445651e-01    4.0814741376850145e+00
9.4475435648699324e-01    4.0840393153554579e+00
9.4478787473215098e-01    4.0862981427164202e+00
9.4481901999658069e-01    4.0883025556208361e+00
9.4484819420693344e-01    4.0900978998270716e+00
9.4487579928986054e-01    4.0917237931340305e+00
9.4490222240778565e-01    4.0932140205308096e+00
9.4492727726212100e-01    4.0945677358811468e+00
9.4495084238965654e-01    4.0957885589972109e+00
9.4497302013653450e-01    4.0968914033723545e+00
9.4499391284889733e-01    4.0978897264759802e+00
9.4501362287288726e-01    4.0987956680506761e+00
9.4503225255464685e-01    4.0996201782394364e+00
9.4504990424031821e-01    4.1003731354157997e+00
9.4506668027604379e-01    4.1010634537804949e+00
9.4508268300796594e-01    4.1016991804482892e+00
9.4509801478222699e-01    4.1022875823282074e+00
9.4511277794496951e-01    4.1028352229098024e+00
9.4512707484233560e-01    4.1033480290404869e+00
9.4514100782046773e-01    4.1038313480762945e+00
9.4515467922550811e-01    4.1042899956996042e+00
9.4516819140359931e-01    4.1047282949456001e+00
9.4518164670088345e-01    4.1051501069046497e+00
9.4519514746350297e-01    4.1055588537083754e+00
9.4520845718851298e-01    4.1059478119709878e+00
9.4522127828167057e-01    4.1063095431065237e+00
9.4523365422764971e-01    4.1066468575985988e+00
9.4524562860151329e-01    4.1069623263706472e+00
9.4525724497832497e-01    4.1072582989005673e+00
9.4526854693314788e-01    4.1075369222962541e+00
9.4527957804104545e-01    4.1078001586329105e+00
9.4529038187708103e-01    4.1080498006767279e+00
9.4530100201631806e-01    4.1082874860617640e+00
9.4531148203381954e-01    4.1085147100508461e+00
9.4532186550464914e-01    4.1087328370786445e+00
9.4533219600386997e-01    4.1089431111510537e+00
9.4534251710654571e-01    4.1091466653480442e+00
9.4535287238773924e-01    4.1093445306537166e+00
9.4536330542251423e-01    4.1095376443447709e+00
9.4537385978593402e-01    4.1097268582442172e+00
9.4538457905306161e-01    4.1099129472020124e+00
9.4539539858067712e-01    4.1100948282215466e+00
9.4540602446569788e-01    4.1102679105209665e+00
9.4541647077754654e-01    4.1104329864350841e+00
9.4542677522880214e-01    4.1105911575475851e+00
9.4543697553204420e-01    4.1107434427188911e+00
9.4544710939985166e-01    4.1108907893087823e+00
9.4545721454480403e-01    4.1110340838706998e+00
9.4546732867948047e-01    4.1111741624645610e+00
9.4547748951646016e-01    4.1113118207480417e+00
9.4548773476832226e-01    4.1114478240125054e+00
9.4549810214764651e-01    4.1115829173047098e+00
9.4550862936701141e-01    4.1117178357742192e+00
9.4551935413899657e-01    4.1118533153555115e+00
9.4553031417618127e-01    4.1119901038382771e+00
9.4554154719114469e-01    4.1121289723768228e+00
9.4555309089646611e-01    4.1122707273920600e+00
9.4556498300472458e-01    4.1124162227936418e+00
9.4557717361980498e-01    4.1125653000809930e+00
9.4558931299082871e-01    4.1127141668116556e+00
9.4560142002778380e-01    4.1128635126423001e+00
9.4561356410217778e-01    4.1130146293780117e+00
9.4562581458551787e-01    4.1131688172443237e+00
9.4563824084931147e-01    4.1133274063604892e+00
9.4565091226506592e-01    4.1134917770799664e+00
9.4566389820428864e-01    4.1136633796837927e+00
9.4567726803848684e-01    4.1138437538700927e+00
9.4569109113916794e-01    4.1140345483463658e+00
9.4570543687783937e-01    4.1142375408531766e+00
9.4572037462600866e-01    4.1144546588272899e+00
9.4573597375518292e-01    4.1146880008022011e+00
9.4575230363686946e-01    4.1149398587354478e+00
9.4576943364257571e-01    4.1152127413352835e+00
9.4578743314380920e-01    4.1155093984534892e+00
9.4580637151207714e-01    4.1158328465869500e+00
9.4582614116300590e-01    4.1161832000964438e+00
9.4584579225215881e-01    4.1165446036881752e+00
9.4586545925818155e-01    4.1169196708812743e+00
9.4588548545372730e-01    4.1173155439248763e+00
9.4590621411145048e-01    4.1177403265631272e+00
9.4592798850400450e-01    4.1182031800721548e+00
9.4595115190404333e-01    4.1187144571324659e+00
9.4597604758422049e-01    4.1192858765465541e+00
9.4600301881719007e-01    4.1199307406761525e+00
9.4603240887560580e-01    4.1206641969547952e+00
9.4606456103212133e-01    4.1215035436829126e+00
9.4609981855939063e-01    4.1224685807543588e+00
9.4613852473006732e-01    4.1235820052629855e+00
9.4618102281680516e-01    4.1248698522383078e+00
9.4622765609225823e-01    4.1263619794378377e+00
9.4627876782908016e-01    4.1280925966122508e+00
9.4633470129992447e-01    4.1301008386544877e+00
9.4640201283508230e-01    4.1326763864938210e+00
9.4653484258477827e-01    4.1382687690794233e+00
9.4674360789089052e-01    4.1484283273226925e+00
9.4702572101488536e-01    4.1648180398838033e+00
9.4737859421822879e-01    4.1896052995516966e+00
9.4779963976238690e-01    4.2253333451712924e+00
9.4828626990882614e-01    4.2747084192201781e+00
9.4883589691901260e-01    4.3402182008621031e+00
9.4944593305441249e-01    4.4234816916534960e+00
9.5011379057649170e-01    4.5243178275501448e+00
9.5083688174671677e-01    4.6398116123860680e+00
9.5161261882655357e-01    4.7640600581169030e+00
9.5243841407746843e-01    4.8892559654898280e+00
9.5331167976092757e-01    5.0078509664939146e+00
9.5422982813839685e-01    5.1145118118614832e+00
9.5519027147134272e-01    5.2067940974964824e+00
9.5619042202123150e-01    5.2846158102554428e+00
9.5724032727790009e-01    5.3499917936222898e+00
9.5858313094626491e-01    5.4149655227904940e+00
9.6029327442053514e-01    5.4761032509174843e+00
9.6234474808265480e-01    5.5284239465155771e+00
9.6471154231456768e-01    5.5712570619014112e+00
9.6736764749821769e-01    5.6062198530808445e+00
9.7028705401554916e-01    5.6356436435501944e+00
9.7344375224850566e-01    5.6616886131219992e+00
9.7681173257903142e-01    5.6859677835715248e+00
9.8036498538907024e-01    5.7095036109375732e+00
9.8407750106056602e-01    5.7328564784155551e+00
9.8792326997546331e-01    5.7562854204854421e+00
9.9187628251570525e-01    5.7798722590879450e+00
9.9591052906323618e-01    5.8035993876812091e+00
9.9999999999999989e-01    5.8273959285741839e+00
