# Total adiabatic path length is 3.0360372801948032e+00
# Error estimate is 2.1183046434902764e-04
# s, l(s)
0.0000000000000000e+00    0.0000000000000000e+00
2.1822438359970411e-02    1.3880892703312348e-02
4.3504499242518563e-02    2.7359830007931657e-02
6.5044496386756329e-02    4.0474826188264458e-02
8.6440743531795622e-02    5.3260550932840017e-02
1.0769155441674835e-01    6.5748745293228841e-02
1.2879524278072638e-01    7.7968573758988732e-02
1.4975012236284163e-01    8.9946939745751339e-02
1.7055450690220603e-01    1.0170877130607270e-01
1.9120671013793139e-01    1.1327728174227121e-01
2.1170504580912972e-01    1.2467420186216792e-01
2.3204782765491280e-01    1.3591999790067477e-01
2.5223336941439256e-01    1.4703407625775969e-01
2.7225998482668107e-01    1.5803497481347381e-01
2.9212598763088987e-01    1.6894054729262148e-01
3.1182969156613122e-01    1.7976814183417333e-01
3.3136941037151685e-01    1.9053478156303874e-01
3.5074345778615867e-01    2.0125734495886827e-01
3.7012783658082449e-01    2.1205206655908609e-01
3.8989171819030055e-01    2.2314795382941932e-01
4.0994666918345818e-01    2.3452413076820036e-01
4.3018470713981422e-01    2.4615092650707399e-01
4.5049784963888551e-01    2.5800014649464487e-01
4.7077811426018890e-01    2.7004437476784660e-01
4.9091751858324117e-01    2.8225610828724418e-01
5.1080808018755919e-01    2.9460669480727159e-01
5.3034181665265978e-01    3.0706499209074156e-01
5.4941074555806002e-01    3.1959567929931321e-01
5.6790688448327609e-01    3.3215715043444455e-01
5.8572225100782571e-01    3.4469890248565049e-01
6.0274886271122496e-01    3.5715839972176289e-01
6.1887873717299124e-01    3.6945743870296538e-01
6.3400389197264073e-01    3.8149815281269839e-01
6.4801634468969094e-01    3.9315899244260866e-01
6.6080811290365837e-01    4.0429121900745718e-01
6.7243573640131737e-01    4.1486971790663851e-01
6.8364788698079793e-01    4.2553943898741375e-01
6.9454340990321450e-01    4.3640631453110490e-01
7.0511319812177542e-01    4.4747856846219741e-01
7.1534814458968865e-01    4.5876217420594351e-01
7.2523914226016239e-01    4.7026006798420228e-01
7.3477708408640507e-01    4.8197121845583757e-01
7.4395286302162511e-01    4.9388957143549206e-01
7.5275737201903037e-01    5.0600285005239165e-01
7.6118150403182938e-01    5.1829124504741797e-01
7.6921615201323024e-01    5.3072603099502524e-01
7.7685220891644136e-01    5.4326815060755573e-01
7.8408056769467083e-01    5.5586685282493842e-01
7.9089212130112696e-01    5.6845848023122103e-01
7.9727776268901795e-01    5.8096551783822814e-01
8.0322838481155223e-01    5.9329603588183488e-01
8.0873488062193799e-01    6.0534368161379293e-01
8.1379817005125310e-01    6.1701204465032977e-01
8.1858438587190063e-01    6.2860689915040346e-01
8.2316211375374604e-01    6.4025259089753395e-01
8.2754030202528939e-01    6.5193928258225098e-01
8.3172789901503053e-01    6.6365728298341420e-01
8.3573385305146985e-01    6.7539735510199772e-01
8.3956711246310711e-01    6.8715103809961409e-01
8.4323662557844237e-01    6.9891098026148046e-01
8.4675134072597591e-01    7.1067127599573443e-01
8.5012020623420748e-01    7.2242780230966286e-01
8.5335217043163714e-01    7.3417854628470791e-01
8.5645618164676518e-01    7.4592392226628645e-01
8.5944118820809134e-01    7.5766708002234251e-01
8.6231613844411592e-01    7.6941419487463614e-01
8.6508998068333864e-01    7.8117473313759789e-01
8.6777166325426003e-01    7.9296170913937214e-01
8.7037013448537981e-01    8.0479192867526472e-01
8.7289431006775353e-01    8.1668606514330255e-01
8.7533911123960839e-01    8.2859966749245717e-01
8.7769878404592649e-01    8.4048011914769749e-01
8.7997765157160424e-01    8.5232290397574950e-01
8.8218003690153768e-01    8.6412506084028939e-01
8.8431026312062289e-01    8.7588531714336926e-01
8.8637265331375636e-01    8.8760419475589281e-01
8.8837153056583429e-01    8.9928411291386179e-01
8.9031121796175250e-01    9.1092947114436806e-01
8.9219603858640772e-01    9.2254671926332643e-01
8.9403031552469581e-01    9.3414441777382551e-01
8.9581837186151292e-01    9.4573328338556406e-01
8.9756453068175557e-01    9.5732622895328312e-01
8.9927311507031971e-01    9.6893839034850826e-01
9.0094844811210162e-01    9.8058714946513892e-01
9.0259485289199759e-01    9.9229215229039291e-01
9.0421665249490368e-01    1.0040753195331587e+00
9.0581817000571607e-01    1.0159608576351864e+00
9.0740104575441105e-01    1.0279547282741699e+00
9.0896217841313209e-01    1.0400264864611413e+00
9.1050025583082039e-01    1.0521576396904475e+00
9.1201399781420400e-01    1.0643288013522847e+00
9.1350212417001120e-01    1.0765194990615503e+00
9.1496335470497026e-01    1.0887082327324189e+00
9.1639640922580967e-01    1.1008725450981374e+00
9.1780000753925728e-01    1.1129891020179721e+00
9.1917286945204169e-01    1.1250337855107619e+00
9.2051371477089128e-01    1.1369817967814058e+00
9.2182126330253389e-01    1.1488077675432222e+00
9.2309423485369813e-01    1.1604858820197435e+00
9.2433134923111226e-01    1.1719900055835903e+00
9.2553132624150436e-01    1.1832938218058755e+00
9.2669288569160302e-01    1.1943709771540880e+00
9.2781474738813619e-01    1.2051952326716540e+00
9.2889563113783225e-01    1.2157406235883004e+00
9.2995309236255974e-01    1.2261683294164782e+00
9.3104102169262082e-01    1.2370118932365457e+00
9.3215274698527828e-01    1.2482161732533157e+00
9.3327698096145706e-01    1.2596792007839244e+00
9.3440243634208198e-01    1.2712997017525529e+00
9.3551782584807797e-01    1.2829812709294206e+00
9.3661186220037018e-01    1.2946399709429237e+00
9.3767325811988356e-01    1.3062181768470693e+00
9.3869072632754269e-01    1.3177096808718944e+00
9.3965297954427285e-01    1.3292036450159490e+00
9.4054873049099885e-01    1.3409538536387493e+00
9.4136669188864575e-01    1.3534621857310323e+00
9.4209557645813835e-01    1.3675153629368171e+00
9.4272409692040171e-01    1.3840456475820999e+00
9.4324096599636065e-01    1.4036262429713191e+00
9.4363489640694020e-01    1.4253582103632034e+00
9.4389460087306531e-01    1.4452706122416732e+00
9.4402074374733558e-01    1.4573630686589483e+00
9.4411408804001118e-01    1.4676630347894324e+00
9.4420023623214622e-01    1.4784113651861650e+00
9.4427959025039165e-01    1.4895706102023480e+00
9.4435255202139845e-01    1.5010930321941631e+00
9.4441952347181790e-01    1.5129218073044868e+00
9.4448090652830075e-01    1.5249930985183677e+00
9.4453710311749839e-01    1.5372389966145199e+00
9.4458851516606168e-01    1.5495912551547071e+00
9.4463554460064192e-01    1.5619856487315003e+00
9.4467859334788973e-01    1.5743667094556213e+00
9.4471806333445651e-01    1.5866925555596696e+00
9.4475435648699324e-01    1.5989395324537197e+00
9.4478787473215098e-01    1.6111064418823817e+00
9.4481901999658069e-01    1.6232182314754739e+00
9.4484819420693344e-01    1.6353291409915980e+00
9.4487579928986054e-01    1.6475254324618340e+00
9.4490222240778565e-01    1.6599208223399604e+00
9.4492727726212100e-01    1.6723714070511151e+00
9.4495084238965654e-01    1.6847406989615663e+00
9.4497302013653450e-01    1.6969993939931565e+00
9.4499391284889733e-01    1.7091245348479516e+00
9.4501362287288726e-01    1.7211004230170750e+00
9.4503225255464685e-01    1.7329193511250145e+00
9.4504990424031821e-01    1.7445821479411530e+00
9.4506668027604379e-01    1.7560985412006074e+00
9.4508268300796594e-01    1.7674873547629850e+00
9.4509801478222699e-01    1.7787765639876787e+00
9.4511277794496951e-01    1.7900032385197442e+00
9.4512707484233560e-01    1.8012134034120970e+00
9.4514100782046773e-01    1.8124618476194014e+00
9.4515467922550811e-01    1.8238119046837833e+00
9.4516819140359931e-01    1.8353352233907398e+00
9.4518164670088345e-01    1.8471115364878128e+00
9.4519514746350297e-01    1.8592284237280574e+00
9.4520845718851298e-01    1.8714657557012440e+00
9.4522127828167057e-01    1.8835236519414951e+00
9.4523365422764971e-01    1.8954088635895949e+00
9.4524562860151329e-01    1.9071324717346088e+00
9.4525724497832497e-01    1.9187095885632646e+00
9.4526854693314788e-01    1.9301591013480903e+00
9.4527957804104545e-01    1.9415033873993119e+00
9.4529038187708103e-01    1.9527680076283838e+00
9.4530100201631806e-01    1.9639813848415961e+00
9.4531148203381954e-01    1.9751744709125028e+00
9.4532186550464914e-01    1.9863804040847346e+00
9.4533219600386997e-01    1.9976341568285532e+00
9.4534251710654571e-01    2.0089721719155138e+00
9.4535287238773924e-01    2.0204319823915395e+00
9.4536330542251423e-01    2.0320518108851933e+00
9.4537385978593402e-01    2.0438701413171279e+00
9.4538457905306161e-01    2.0559252557414895e+00
9.4539539858067712e-01    2.0681324798178680e+00
9.4540602446569788e-01    2.0801457984752609e+00
9.4541647077754654e-01    2.0919663478359718e+00
9.4542677522880214e-01    2.1036233744864945e+00
9.4543697553204420e-01    2.1151471638987438e+00
9.4544710939985166e-01    2.1265686287087466e+00
9.4545721454480403e-01    2.1379189166146335e+00
9.4546732867948047e-01    2.1492290350496406e+00
9.4547748951646016e-01    2.1605294893433507e+00
9.4548773476832226e-01    2.1718499307782109e+00
9.4549810214764651e-01    2.1832188116659061e+00
9.4550862936701141e-01    2.1946630452532627e+00
9.4551935413899657e-01    2.2062076691841259e+00
9.4553031417618127e-01    2.2178755124923479e+00
9.4554154719114469e-01    2.2296868677363406e+00
9.4555309089646611e-01    2.2416591713888372e+00
9.4556498300472458e-01    2.2538066974801478e+00
9.4557717361980498e-01    2.2660530396012168e+00
9.4558931299082871e-01    2.2780315821217938e+00
9.4560142002778380e-01    2.2897555339593749e+00
9.4561356410217778e-01    2.3012855169987505e+00
9.4562581458551787e-01    2.3126780175637189e+00
9.4563824084931147e-01    2.3239850181052693e+00
9.4565091226506592e-01    2.3352536625377449e+00
9.4566389820428864e-01    2.3465259475819789e+00
9.4567726803848684e-01    2.3578384378258739e+00
9.4569109113916794e-01    2.3692220092492704e+00
9.4570543687783937e-01    2.3807016282557556e+00
9.4572037462600866e-01    2.3922961775962905e+00
9.4573597375518292e-01    2.4040183443776106e+00
9.4575230363686946e-01    2.4158745837535021e+00
9.4576943364257571e-01    2.4278651738995878e+00
9.4578743314380920e-01    2.4399843755381432e+00
9.4580637151207714e-01    2.4522207058046055e+00
9.4582614116300590e-01    2.4644503101285968e+00
9.4584579225215881e-01    2.4760772548930090e+00
9.4586545925818155e-01    2.4872071534975646e+00
9.4588548545372730e-01    2.4980424589471539e+00
9.4590621411145048e-01    2.5087532277873352e+00
9.4592798850400450e-01    2.5194788781874422e+00
9.4595115190404333e-01    2.5303291963948178e+00
9.4597604758422049e-01    2.5413849519843676e+00
9.4600301881719007e-01    2.5526984790536433e+00
9.4603240887560580e-01    2.5642945521110159e+00
9.4606456103212133e-01    2.5761718311362349e+00
9.4609981855939063e-01    2.5883050644852696e+00
9.4613852473006732e-01    2.6006481288447536e+00
9.4618102281680516e-01    2.6131378560589273e+00
9.4622765609225823e-01    2.6256984770368348e+00
9.4627876782908016e-01    2.6382464121307621e+00
9.4633470129992447e-01    2.6506950669711999e+00
9.4640201283508230e-01    2.6641359439699013e+00
9.4653484258477827e-01    2.6866203297921842e+00
9.4674360789089052e-01    2.7139155075089274e+00
9.4702572101488536e-01    2.7404997132329734e+00
9.4737859421822879e-01    2.7636355853133003e+00
9.4779963976238690e-01    2.7826664959297789e+00
9.4828626990882614e-01    2.7979513173161723e+00
9.4883589691901260e-01    2.8101749149957791e+00
9.4944593305441249e-01    2.8200336269577249e+00
9.5011379057649170e-01    2.8281289057494017e+00
9.5083688174671677e-01    2.8349487845101766e+00
9.5161261882655357e-01    2.8408777354303862e+00
9.5243841407746843e-01    2.8462115872778333e+00
9.5331167976092757e-01    2.8511713258230391e+00
9.5422982813839685e-01    2.8559159503221045e+00
9.5519027147134272e-01    2.8605551652780732e+00
9.5619042202123150e-01    2.8651614573154629e+00
9.5724032727790009e-01    2.8698360691526212e+00
9.5858313094626491e-01    2.8756579379166465e+00
9.6029327442053514e-01    2.8829080769938349e+00
9.6234474808265480e-01    2.8914490257516143e+00
9.6471154231456768e-01    2.9011595609300449e+00
9.6736764749821769e-01    2.9119213576712841e+00
9.7028705401554916e-01    2.9236138953724216e+00
9.7344375224850566e-01    2.9361141326688944e+00
9.7681173257903142e-01    2.9492979098851486e+00
9.8036498538907024e-01    2.9630416332166547e+00
9.8407750106056602e-01    2.9772237641798278e+00
9.8792326997546331e-01    2.9917260201599696e+00
9.9187628251570525e-01    3.0064342981329428e+00
9.9591052906323618e-01    3.0212393558006698e+00
9.9999999999999989e-01    3.0360372801948032e+00
