# time_max= 1800, n_shot= 2048, n_iter=30, n_sample=11520
2.0  2.2863903021965708e+00
4.0  1.6987559617490418e+00
6.0  1.4397255846827639e+00
8.0  1.0576263701428670e+00
10.0  1.1701800485506506e+00
20.0  7.1739881563027308e-01
30.0  9.8944070902324721e-01
40.0  4.7671105380070078e-01
50.0  2.4638018233444481e-01
75.0  2.5183437018319998e-02
100.0  2.4059712534513220e-01
200.0  4.0086569424678205e-02
300.0  1.2379068122329358e-01
400.0  1.4016267063182345e-02
500.0  5.4040668360444459e-02
1000.0  4.5241549964840089e-02
2000.0  1.4596745118560166e-02
3000.0  9.8481590638205777e-03
4000.0  8.4390787110315054e-03
