0.0000000000000000e+00    0.0000000000000000e+00    4.1472877156192612e+02    1.3003877573079887e+00
8.0892218549673636e-04    3.5769400821989354e-06    4.1255108796417449e+02    1.3104678693939793e+00
1.6136007086156737e-03    7.1538801643978707e-06    4.1038880128947460e+02    1.3205910303055877e+00
2.4140656013861674e-03    1.0730820246596806e-05    4.0824184534209218e+02    1.3307566915509845e+00
3.2103468551359111e-03    1.4307760328795741e-05    4.0611022209937454e+02    1.3409640237360927e+00
4.0375610557676937e-03    1.8043571287080267e-05    4.0390016595614793e+02    1.3516689139006457e+00
4.8602781597832162e-03    2.1779382245364795e-05    4.0170666112311420e+02    1.3624181768364965e+00
5.6785319098211261e-03    2.5515193203649323e-05    3.9952964018091552e+02    1.3732111369172906e+00
6.4923559037427681e-03    2.9251004161933851e-05    3.9736903527106523e+02    1.3840470950784634e+00
7.3354421195080547e-03    3.3142600193540716e-05    3.9513571094321060e+02    1.3953798992735089e+00
8.1737953811287598e-03    3.7034196225147586e-05    3.9292004044339461e+02    1.4067578055524270e+00
9.0074531597810013e-03    4.0925792256754455e-05    3.9072193772420314e+02    1.4181800204716548e+00
9.8364527390034564e-03    4.4817388288361318e-05    3.8854131640337090e+02    1.4296457390410418e+00
1.0693084668606167e-02    4.8861683590527275e-05    3.8629357284423486e+02    1.4416064625368912e+00
1.1544767181667824e-02    5.2905978892693225e-05    3.8406450829749423e+02    1.4536123154097835e+00
1.2391541512944967e-02    5.6950274194859175e-05    3.8185405545093130e+02    1.4656622324981303e+00
1.3233448639111993e-02    6.0994569497025133e-05    3.7966205548863041e+02    1.4777555030683316e+00
1.4101403958741474e-02    6.5188478266986927e-05    3.7740839731401519e+02    1.4903406155293992e+00
1.4964214351896047e-02    6.9382387036948708e-05    3.7517440706390460e+02    1.5029700991099610e+00
1.5821924722053422e-02    7.3576295806910503e-05    3.7295991915019175e+02    1.5156427396924161e+00
1.6674579659063340e-02    7.7770204576872297e-05    3.7076483337731099e+02    1.5283573103542443e+00
1.7551748669023655e-02    8.2110641011866672e-05    3.6851339381380262e+02    1.5415592066562487e+00
1.8423599271292765e-02    8.6451077446861047e-05    3.6628247356975095e+02    1.5548036294446852e+00
1.9290180006884636e-02    9.0791513881855436e-05    3.6407194785082731e+02    1.5680892480409598e+00
2.0151539094056599e-02    9.5131950316849811e-05    3.6188165956096515e+02    1.5814149235012451e+00
2.1035931651541113e-02    9.9615828614113523e-05    3.5964009882571895e+02    1.5952214516546817e+00
2.1914855329830431e-02    1.0409970691137722e-04    3.5741993348954253e+02    1.6090669935270874e+00
2.2788362270180912e-02    1.0858358520864093e-04    3.5522086616053821e+02    1.6229513231235799e+00
2.3656503737676086e-02    1.1306746350590464e-04    3.5304259976369241e+02    1.6368736822978136e+00
2.4546254315624405e-02    1.1769169786267444e-04    3.5081815389939800e+02    1.6512673435408791e+00
2.5430408934409236e-02    1.2231593221944423e-04    3.4861571498274719e+02    1.6656967382880454e+00
2.6309022811658853e-02    1.2694016657621401e-04    3.4643503826230540e+02    1.6801606033286369e+00
2.7182151140223071e-02    1.3156440093298381e-04    3.4427619050900614e+02    1.6946551648513424e+00
2.8075523436133211e-02    1.3632590554649642e-04    3.4207543038749793e+02    1.7096142547822493e+00
2.8963196025764137e-02    1.4108741016000906e-04    3.3989730781391370e+02    1.7246032573031120e+00
2.9845227562360622e-02    1.4584891477352168e-04    3.3774153622700885e+02    1.7396212691503066e+00
3.0721675878411729e-02    1.5061041938703429e-04    3.3560789655638223e+02    1.7546660842700466e+00
3.1617062609690348e-02    1.5550610845452650e-04    3.3343713928217022e+02    1.7701603778871116e+00
3.2506669879506296e-02    1.6040179752201871e-04    3.3128939391774418e+02    1.7856789524885261e+00
3.3390559132258552e-02    1.6529748658951088e-04    3.2916454993935378e+02    1.8012190487359618e+00
3.4268791231045814e-02    1.7019317565700309e-04    3.2706226405082259e+02    1.8167793549666689e+00
3.5164717626206446e-02    1.7521996337571162e-04    3.2492695624358061e+02    1.8327751136912898e+00
3.6054807809439503e-02    1.8024675109442017e-04    3.2281511342116033e+02    1.8487866528460544e+00
3.6939126112267059e-02    1.8527353881312870e-04    3.2072654678272215e+02    1.8648114970861627e+00
3.7817735637538152e-02    1.9030032653183723e-04    3.1866068175549719e+02    1.8808498429288336e+00
3.8712856796493687e-02    1.9545512709899884e-04    3.1656594929416963e+02    1.8973054747443070e+00
3.9602107777165524e-02    2.0060992766616044e-04    3.1449484345055356e+02    1.9137678364404429e+00
4.0485554841758441e-02    2.0576472823332205e-04    3.1244717055740335e+02    1.9302345408935233e+00
4.1363263669993683e-02    2.1091952880048366e-04    3.1042266022067076e+02    1.9467031839581272e+00
4.2256363209361603e-02    2.1619925641333510e-04    3.0837286944278503e+02    1.9635701639622034e+00
4.3143580261102654e-02    2.2147898402618651e-04    3.0634688451557486e+02    1.9804335041991663e+00
4.4024983171457081e-02    2.2675871163903793e-04    3.0434445070226479e+02    1.9972904060386514e+00
4.4900639556608675e-02    2.3203843925188937e-04    3.0236531393516020e+02    2.0141380985443682e+00
4.5790626399461493e-02    2.3744000810766737e-04    3.0036435599760620e+02    2.0313620372081833e+00
4.6674739303708475e-02    2.4284157696344541e-04    2.9838725969593912e+02    2.0485702147461278e+00
4.7553048306783592e-02    2.4824314581922344e-04    2.9643373897984492e+02    2.0657597945877040e+00
4.8425622695428279e-02    2.5364471467500144e-04    2.9450356478436112e+02    2.0829273863058968e+00
4.9311527143043689e-02    2.5916503897094274e-04    2.9255477257329932e+02    2.1004468805070116e+00
5.0191585858196101e-02    2.6468536326688409e-04    2.9062978181268380e+02    2.1179371857486196e+00
5.1065870275772980e-02    2.7020568756282539e-04    2.8872832530330140e+02    2.1353951657766004e+00
5.1934451016999970e-02    2.7572601185876669e-04    2.8685013577758809e+02    2.1528173280331266e+00
5.2815419851897381e-02    2.8136200579210807e-04    2.8495633221861152e+02    2.1705641926107968e+00
5.3690589702765926e-02    2.8699799972544950e-04    2.8308618295578975e+02    2.1882671678253147e+00
5.4560032951022880e-02    2.9263399365879092e-04    2.8123938129174354e+02    2.2059232503266744e+00
5.5423821251173198e-02    2.9826998759213230e-04    2.7941572971418464e+02    2.2235279900237028e+00
5.6299112363065208e-02    3.0401856536011054e-04    2.7757913903011081e+02    2.2414287305130864e+00
5.7168668194818528e-02    3.0976714312808877e-04    2.7576603529820471e+02    2.2592690267681697e+00
5.8032561961640541e-02    3.1551572089606695e-04    2.7397603993422814e+02    2.2770464636708274e+00
5.8890865982131599e-02    3.2126429866404519e-04    2.7220896319560399e+02    2.2947559781223772e+00
5.9759842409840738e-02    3.2712237446389696e-04    2.7043144729647520e+02    2.3127302375603827e+00
6.0623162953773561e-02    3.3298045026374873e-04    2.6867707276297637e+02    2.3306275673069252e+00
6.1480901277494088e-02    3.3883852606360050e-04    2.6694555960689485e+02    2.3484440173667971e+00
6.2333130191066760e-02    3.4469660186345227e-04    2.6523664138935169e+02    2.3661754745183736e+00
6.3195253647447103e-02    3.5066108989241436e-04    2.6351952021893248e+02    2.3841388802458883e+00
6.4051814794458969e-02    3.5662557792137651e-04    2.6182516415628004e+02    2.4020074393800304e+00
6.4902887523439964e-02    3.6259006595033860e-04    2.6015334058694776e+02    2.4197763353707225e+00
6.5748544666316910e-02    3.6855455397930069e-04    2.5850365767568070e+02    2.4374431807918455e+00
6.6176643269016927e-02    3.7158846120695528e-04    2.5767295945531333e+02    2.4463887852607780e+00
6.6603368651818720e-02    3.7462236843460988e-04    2.5684790220418756e+02    2.4553062256594900e+00
6.7028730120795521e-02    3.7765627566226448e-04    2.5602842340585732e+02    2.4641952794437123e+00
6.7452736886184014e-02    3.8069018288991902e-04    2.5521447916512531e+02    2.4730555967722680e+00
6.7875398123332639e-02    3.8372409011757356e-04    2.5440605964242906e+02    2.4818863306139991e+00
6.8296722948544317e-02    3.8675799734522816e-04    2.5360310841186848e+02    2.4906871328346609e+00
6.8716720423141531e-02    3.8979190457288275e-04    2.5280561202384854e+02    2.4994573739638408e+00
6.9135399532150768e-02    3.9282581180053735e-04    2.5201349223827989e+02    2.5081970782338727e+00
6.9559653198221522e-02    3.9590983933998386e-04    2.5121378408506203e+02    2.5170490599567543e+00
6.9982563121049571e-02    3.9899386687943032e-04    2.5041961144211942e+02    2.5258677293466043e+00
7.0404138581722453e-02    4.0207789441887678e-04    2.4963090449576131e+02    2.5346531795109679e+00
7.0824388729053805e-02    4.0516192195832329e-04    2.4884758747140262e+02    2.5434054136053548e+00
7.1243322622682528e-02    4.0824594949776980e-04    2.4806964720723363e+02    2.5521234777739350e+00
7.1660949389302980e-02    4.1132997703721631e-04    2.4729713090709112e+02    2.5608058256034441e+00
7.2077278032448497e-02    4.1441400457666283e-04    2.4652987246110655e+02    2.5694538197357804e+00
7.2492317440182183e-02    4.1749803211610928e-04    2.4576790944899935e+02    2.5780659843369005e+00
7.2912583519763124e-02    4.2063063706596602e-04    2.4499928638798539e+02    2.5867771395725789e+00
7.3331537840844799e-02    4.2376324201582282e-04    2.4423609896015861e+02    2.5954495138681613e+00
7.3749189623688843e-02    4.2689584696567955e-04    2.4347822243456469e+02    2.6040841439193687e+00
7.4165547891371433e-02    4.3002845191553629e-04    2.4272559856967322e+02    2.6126807073675722e+00
7.4580621675630024e-02    4.3316105686539309e-04    2.4197826115068355e+02    2.6212376987002965e+00
7.4994419968830661e-02    4.3629366181524982e-04    2.4123613236277822e+02    2.6297553731913941e+00
7.5406951671387099e-02    4.3942626676510656e-04    2.4049919243889877e+02    2.6382328904140184e+00
7.5818225621041749e-02    4.4255887171496336e-04    2.3976738365382590e+02    2.6466700580368467e+00
7.6234397445548455e-02    4.4573851117384879e-04    2.3902982561336427e+02    2.6551919374995245e+00
7.6649291645312645e-02    4.4891815063273423e-04    2.3829749588420120e+02    2.6636710432186756e+00
7.7062917265392106e-02    4.5209779009161967e-04    2.3757034315068213e+02    2.6721073853215245e+00
7.7475283258748417e-02    4.5527742955050511e-04    2.3684832730036081e+02    2.6805003818836139e+00
7.7886398589876227e-02    4.5845706900939055e-04    2.3613147109140260e+02    2.6888486613938771e+00
7.8296272103552431e-02    4.6163670846827593e-04    2.3541963551026618e+02    2.6971534963362158e+00
7.8704912560652582e-02    4.6481634792716137e-04    2.3471287110194902e+02    2.7054129841697940e+00
7.9112328732700132e-02    4.6799598738604681e-04    2.3401110508407959e+02    2.7136272436780082e+00
7.9524332040583359e-02    4.7122111845257925e-04    2.3330435407308471e+02    2.7219126551103563e+00
7.9935093688338468e-02    4.7444624951911170e-04    2.3260274149363170e+02    2.7301496180761555e+00
8.0344622603582230e-02    4.7767138058564420e-04    2.3190610985198981e+02    2.7383397032338137e+00
8.0752927553484316e-02    4.8089651165217665e-04    2.3121446643180343e+02    2.7464814881668693e+00
8.1160017344635002e-02    4.8412164271870910e-04    2.3052780713679078e+02    2.7545743637525790e+00
8.1565900695981436e-02    4.8734677378524155e-04    2.2984604930922887e+02    2.7626186354254991e+00
8.1970586208319013e-02    4.9057190485177400e-04    2.2916916608444311e+02    2.7706133097131915e+00
8.2374082523353806e-02    4.9379703591830644e-04    2.2849718818403610e+02    2.7785575346473865e+00
8.2781872376555390e-02    4.9706611569110427e-04    2.2782091256122720e+02    2.7865593969909814e+00
8.3188457951613948e-02    5.0033519546390220e-04    2.2714960048185165e+02    2.7945083710337828e+00
8.3593848039913612e-02    5.0360427523670002e-04    2.2648314800927261e+02    2.8024052675061757e+00
8.3998051308674382e-02    5.0687335500949784e-04    2.2582154432833809e+02    2.8102489971593787e+00
8.4401076365989244e-02    5.1014243478229567e-04    2.2516471381532097e+02    2.8180399778332252e+00
8.4802931700416917e-02    5.1341151455509349e-04    2.2451263653150548e+02    2.8257776058904853e+00
8.5203625890250975e-02    5.1668059432789142e-04    2.2386537290739884e+02    2.8334598098031467e+00
8.5603167342987035e-02    5.1994967410068924e-04    2.2322270670032211e+02    2.8410894714670198e+00
8.6006724763282319e-02    5.2326115967837091e-04    2.2257648257308693e+02    2.8487617527270528e+00
8.6409116558435722e-02    5.2657264525605247e-04    2.2193505157444758e+02    2.8563764809179304e+00
8.6810351266884356e-02    5.2988413083373414e-04    2.2129827383697594e+02    2.8639357515753185e+00
8.7210437336603788e-02    5.3319561641141581e-04    2.2066618568367639e+02    2.8714373061273557e+00
8.7609383223671844e-02    5.3650710198909738e-04    2.2003873771892435e+02    2.8788811608542515e+00
8.8007197299616105e-02    5.3981858756677905e-04    2.1941589855047715e+02    2.8862670848832472e+00
8.8403887857516864e-02    5.4313007314446072e-04    2.1879761790332617e+02    2.8935952281616237e+00
8.8799463159624253e-02    5.4644155872214228e-04    2.1818389533029878e+02    2.9008640653613411e+00
8.9198792111660125e-02    5.4979390720332605e-04    2.1756713208546279e+02    2.9081637899827468e+00
8.9596994862825532e-02    5.5314625568450983e-04    2.1695498244858734e+02    2.9154020279265409e+00
8.9994079832593527e-02    5.5649860416569371e-04    2.1634738465934643e+02    2.9225793635394934e+00
9.0390055284415835e-02    5.5985095264687748e-04    2.1574426797714287e+02    2.9296956590120291e+00
9.0784929444682999e-02    5.6320330112806126e-04    2.1514564037198278e+02    2.9367500721716144e+00
9.1178710464142859e-02    5.6655564960924514e-04    2.1455142496257488e+02    2.9437431858177527e+00
9.1571406471696176e-02    5.6990799809042891e-04    2.1396166161742198e+02    2.9506732103483153e+00
9.1963025522660613e-02    5.7326034657161269e-04    2.1337623311783801e+02    2.9575415501340481e+00
9.2358150050149898e-02    5.7665201505491693e-04    2.1278835078366259e+02    2.9644262309182317e+00
9.2752188473500682e-02    5.8004368353822128e-04    2.1220482187730846e+02    2.9712479699030045e+00
9.3145149013546313e-02    5.8343535202152563e-04    2.1162577604139244e+02    2.9780024014196158e+00
9.3537039730261368e-02    5.8682702050482987e-04    2.1105094592191176e+02    2.9846947887738504e+00
9.3927868567457259e-02    5.9021868898813412e-04    2.1048048972145835e+02    2.9913201339722484e+00
9.4317643533891812e-02    5.9361035747143847e-04    2.0991426926151397e+02    2.9978809646685236e+00
9.4706372475695591e-02    5.9700202595474282e-04    2.0935229063575662e+02    3.0043757266987758e+00
9.5094063190959602e-02    6.0039369443804706e-04    2.0879448182462423e+02    3.0108053597319691e+00
9.5485024381514738e-02    6.0382314002209024e-04    2.0823474523826550e+02    3.0172388726020372e+00
9.5874940038885442e-02    6.0725258560613343e-04    2.0767922293963011e+02    3.0236046999930268e+00
9.6263818025210141e-02    6.1068203119017672e-04    2.0712788762019528e+02    3.0299026780889258e+00
9.6651666186616081e-02    6.1411147677421991e-04    2.0658073111554856e+02    3.0361323547473202e+00
9.7038492324859810e-02    6.1754092235826309e-04    2.0603770729881751e+02    3.0422933701184203e+00
9.7424304107988469e-02    6.2097036794230638e-04    2.0549874264309267e+02    3.0483867936271185e+00
9.8192915182883894e-02    6.2782925911039275e-04    2.0443304303117952e+02    3.0603659425951872e+00
9.8579769004538700e-02    6.3129493889379324e-04    2.0390063322223489e+02    3.0663145615566338e+00
9.8965617887649585e-02    6.3476061867719373e-04    2.0337230602822703e+02    3.0721920360367774e+00
9.9734331458054964e-02    6.4169197824399471e-04    2.0232766789335057e+02    3.0837350545188449e+00
1.0049911633773891e-01    6.4862333781079569e-04    2.0129885774921433e+02    3.0949939535554516e+00
1.0126003203193834e-01    6.5555469737759667e-04    2.0028561961159591e+02    3.1059681470696510e+00
1.0202469663490553e-01    6.6255543954034900e-04    1.9927781398019386e+02    3.1167620560241955e+00
1.0278553339054741e-01    6.6955618170310132e-04    1.9828540427898506e+02    3.1272639117327712e+00
1.0354260067866203e-01    6.7655692386585364e-04    1.9730810802584659e+02    3.1374740064608826e+00
1.0429595592122490e-01    6.8355766602860597e-04    1.9634572132676439e+02    3.1473909005106568e+00
1.0505273824020050e-01    6.9062470498454625e-04    1.9538916809424012e+02    3.1571029088155624e+00
1.0580585307970927e-01    6.9769174394048654e-04    1.9444727661346599e+02    3.1665170152838011e+00
1.0655535663602198e-01    7.0475878289642682e-04    1.9351982855733453e+02    3.1756328429118641e+00
1.0730130427531083e-01    7.1182582185236711e-04    1.9260660182555782e+02    3.1844503493294902e+00
1.0780107788707644e-01    7.1657932181661054e-04    1.9200026672440987e+02    3.1902126917195952e+00
1.0829928384187731e-01    7.2133282178085396e-04    1.9140015386480036e+02    3.1958410659575582e+00
1.0879593803106549e-01    7.2608632174509728e-04    1.9080612675658955e+02    3.2013368442271339e+00
1.0929105675804120e-01    7.3083982170934071e-04    1.9021851350626790e+02    3.2066926460729932e+00
1.0978465615482091e-01    7.3559332167358413e-04    1.8963684168951775e+02    3.2119165920587287e+00
1.1027675148342628e-01    7.4034682163782756e-04    1.8906107533720183e+02    3.2170079729093342e+00
1.1077148903846457e-01    7.4514040506051208e-04    1.8848657061552703e+02    3.2220047850335471e+00
1.1126472872583094e-01    7.4993398848319649e-04    1.8791798923331768e+02    3.2268666703833837e+00
1.1175648602446850e-01    7.5472757190588090e-04    1.8735532478476088e+02    3.2315925720659027e+00
1.1224677639354262e-01    7.5952115532856531e-04    1.8679852718234088e+02    3.2361829297586202e+00
1.1273561512028700e-01    7.6431473875124972e-04    1.8624751976021392e+02    3.2406379520329960e+00
1.1322301719015211e-01    7.6910832217393424e-04    1.8570216278579795e+02    3.2449598874822043e+00
1.1371420022250266e-01    7.7395330073536149e-04    1.8515668037899889e+02    3.2491920365738167e+00
1.1420394595733602e-01    7.7879827929678864e-04    1.8461696023296918e+02    3.2532865919313205e+00
1.1469226960605026e-01    7.8364325785821578e-04    1.8408292743564499e+02    3.2572441131051848e+00
1.1517918590377411e-01    7.8848823641964293e-04    1.8355436228361685e+02    3.2610684096043316e+00
1.1566470946877476e-01    7.9333321498107007e-04    1.8303137821987264e+02    3.2647563226690375e+00
1.1614885495745456e-01    7.9817819354249732e-04    1.8251385154064883e+02    3.2683098891788931e+00
1.1664637344052228e-01    8.0317127705513240e-04    1.8198615425038383e+02    3.2718312627554820e+00
1.1714245910242040e-01    8.0816436056776737e-04    1.8146410341369693e+02    3.2752116394073343e+00
1.1763712728816234e-01    8.1315744408040234e-04    1.8094767133177365e+02    3.2784506130660063e+00
1.1813039339929519e-01    8.1815052759303731e-04    1.8043686542394846e+02    3.2815473812460754e+00
1.1862227241138895e-01    8.2314361110567228e-04    1.7993141623926368e+02    3.2845070673173011e+00
1.1911277902192810e-01    8.2813669461830736e-04    1.7943141250798519e+02    3.2873267752585504e+00
1.1961788819660793e-01    8.3329292617961306e-04    1.7892073233042916e+02    3.2900929438262212e+00
1.2012156564419406e-01    8.3844915774091864e-04    1.7841564961960577e+02    3.2927130210779669e+00
1.2062382706612625e-01    8.4360538930222423e-04    1.7791614725750350e+02    3.2951874518033875e+00
1.2112468834608461e-01    8.4876162086352993e-04    1.7742227869312040e+02    3.2975145396691712e+00
1.2162416486586981e-01    8.5391785242483562e-04    1.7693371103624676e+02    3.2997004939737411e+00
1.2212227177204273e-01    8.5907408398614121e-04    1.7645061157822067e+02    3.3017414113659584e+00
1.2263418073777320e-01    8.6438785741294586e-04    1.7595828856273496e+02    3.3036969173906323e+00
1.2314466751992136e-01    8.6970163083975041e-04    1.7547154568759282e+02    3.3055023841555502e+00
1.2365374819785271e-01    8.7501540426655506e-04    1.7499029200642340e+02    3.3071592285603479e+00
1.2416143871137893e-01    8.8032917769335971e-04    1.7451451499937107e+02    3.3086679224776332e+00
1.2466775476480370e-01    8.8564295112016425e-04    1.7404408046208573e+02    3.3100306114538465e+00
1.2517271193367396e-01    8.9095672454696890e-04    1.7357902686115921e+02    3.3112466568907832e+00
1.2569070580734812e-01    8.9642243365610085e-04    1.7310616330216072e+02    3.3123469433127988e+00
1.2620729494048344e-01    9.0188814276523268e-04    1.7263882946151719e+02    3.3132945258460413e+00
1.2672249547382544e-01    9.0735385187436452e-04    1.7217679054962849e+02    3.3140944038138485e+00
1.2723632341092284e-01    9.1281956098349635e-04    1.7172018334661973e+02    3.3147441222204215e+00
1.2825992537942726e-01    9.2375097920176013e-04    1.7082275452042506e+02    3.3156023673590176e+00
1.2930541611327373e-01    9.3497505641833506e-04    1.6992275131373628e+02    3.3158802691458984e+00
1.3034544952935218e-01    9.4619913363490999e-04    1.6904403507311673e+02    3.3155582446626504e+00
1.3138015437554521e-01    9.5742321085148492e-04    1.6818599787893743e+02    3.3146506373105749e+00
1.3243540528476777e-01    9.6892873470002768e-04    1.6732738219913963e+02    3.3131231728743606e+00
1.3348531994164381e-01    9.8043425854857044e-04    1.6648934879670287e+02    3.3110060465560114e+00
1.3453002781168633e-01    9.9193978239711308e-04    1.6567174171761593e+02    3.3083102840345013e+00
1.3559401051599579e-01    1.0037155405112803e-03    1.6485467230241903e+02    3.3049742966086488e+00
1.3665279947007170e-01    1.0154912986254476e-03    1.6405821389572020e+02    3.3010582308464498e+00
1.3770652175564319e-01    1.0272670567396149e-03    1.6328061844854125e+02    3.2965904175478462e+00
1.3877831510829022e-01    1.0393018367530634e-03    1.6250606422679357e+02    3.2914546963238198e+00
1.3984507502791624e-01    1.0513366167665117e-03    1.6175046271703371e+02    3.2857731308756919e+00
1.4090692506841523e-01    1.0633713967799603e-03    1.6101362243953938e+02    3.2795570167073245e+00
1.4198570363628230e-01    1.0756539863263463e-03    1.6028041638741146e+02    3.2726785020599976e+00
1.4305962210206377e-01    1.0879365758727324e-03    1.5956599995856956e+02    3.2652736061752630e+00
1.4412880236426803e-01    1.1002191654191184e-03    1.5886917552234749e+02    3.2573689363155687e+00
1.4521382522996698e-01    1.1127383521320989e-03    1.5817729627627406e+02    3.2488052974385728e+00
1.4629417270725853e-01    1.1252575388450794e-03    1.5750289148324774e+02    3.2397564780596775e+00
1.4736996335930044e-01    1.1377767255580599e-03    1.5684574327540827e+02    3.2302369329754912e+00
1.4846056093952489e-01    1.1505212970712914e-03    1.5619383098141986e+02    3.2200822012289483e+00
1.4954667507848990e-01    1.1632658685845232e-03    1.5555877978050202e+02    3.2094772137188334e+00
1.5062842130610321e-01    1.1760104400977548e-03    1.5494001188773564e+02    3.1984414138750519e+00
1.5172398315988722e-01    1.1889691840448941e-03    1.5432715771641267e+02    3.1867959784651489e+00
1.5281525998384934e-01    1.2019279279920337e-03    1.5373029149060287e+02    3.1747423982494296e+00
1.5390236268893223e-01    1.2148866719391730e-03    1.5314879145967495e+02    3.1622999034314128e+00
1.5500233020781129e-01    1.2280483759538766e-03    1.5257370328235527e+02    3.1492817790736565e+00
1.5609821378544778e-01    1.2412100799685803e-03    1.5201362647390059e+02    3.1358990578459913e+00
1.5719011999439048e-01    1.2543717839832839e-03    1.5146818926727741e+02    3.1221711097078404e+00
1.5829397554522232e-01    1.2677252356992086e-03    1.5092928749810793e+02    3.1079083937295429e+00
1.5939394869848264e-01    1.2810786874151332e-03    1.5040456627337301e+02    3.0933273188422046e+00
1.6049014159549471e-01    1.2944321391310579e-03    1.4989363560619825e+02    3.0784450045138709e+00
1.6159739897413372e-01    1.3079661261818603e-03    1.4938940366919076e+02    3.0630727109021332e+00
1.6270097471104336e-01    1.3215001132326628e-03    1.4889846298002723e+02    3.0474271583690564e+00
1.6380096579981204e-01    1.3350341002834653e-03    1.4842043550515513e+02    3.0315263545396487e+00
1.6491116261625050e-01    1.3487374103028020e-03    1.4794912435104425e+02    3.0151838472961119e+00
1.6601787530675119e-01    1.3624407203221384e-03    1.4749029396161311e+02    2.9986127111363485e+00
1.6712119594140185e-01    1.3761440303414751e-03    1.4704353547066435e+02    2.9818312247308589e+00
1.6823388642821133e-01    1.3900054509630028e-03    1.4660344519081656e+02    2.9646578366628202e+00
1.6934328571552415e-01    1.4038668715845302e-03    1.4617491311817230e+02    2.9473009014856690e+00
1.7044948002285140e-01    1.4177282922060578e-03    1.4575758091629407e+02    2.9297759103710401e+00
1.7156422666450452e-01    1.4317366110634328e-03    1.4534689748151058e+02    2.9119100190928422e+00
1.7267586924699702e-01    1.4457449299208080e-03    1.4494694758465806e+02    2.8939028019682871e+00
1.7378448909231786e-01    1.4597532487781830e-03    1.4455745575248761e+02    2.8757699085324089e+00
1.7490085929315893e-01    1.4738972535050623e-03    1.4417419898937041e+02    2.8573489688748408e+00
1.7601430530345236e-01    1.4880412582319417e-03    1.4380113447977612e+02    2.8388201768494756e+00
1.7712490370911985e-01    1.5021852629588210e-03    1.4343759739519584e+02    2.8202063662701495e+00
1.7796333450169380e-01    1.5128866216313514e-03    1.4316864886056780e+02    2.8060729989480615e+00
1.7880020720405015e-01    1.5235879803038818e-03    1.4290497297662958e+02    2.7919020781475994e+00
1.7963555213784063e-01    1.5342893389764121e-03    1.4264636865108858e+02    2.7776979474797194e+00
1.8046939850893712e-01    1.5449906976489425e-03    1.4239269121109388e+02    2.7634653125833966e+00
1.8130837626787566e-01    1.5557770021740857e-03    1.4214186667970429e+02    2.7490970454401005e+00
1.8214588901527762e-01    1.5665633066992289e-03    1.4189581336180251e+02    2.7347105973668562e+00
1.8298196435507527e-01    1.5773496112243724e-03    1.4165437793347698e+02    2.7203095896819574e+00
1.8381662968697812e-01    1.5881359157495156e-03    1.4141759290759768e+02    2.7059000111160798e+00
1.8465581938290135e-01    1.5989987568525146e-03    1.4118350336346768e+02    2.6913833488397336e+00
1.8549363168518490e-01    1.6098615979555134e-03    1.4095374778855395e+02    2.6768650138097074e+00
1.8633009214716983e-01    1.6207244390585122e-03    1.4072824952419808e+02    2.6623496057853044e+00
1.8716522576387198e-01    1.6315872801615113e-03    1.4050690588092692e+02    2.6478417839645729e+00
1.8800428216503101e-01    1.6425182485676083e-03    1.4028822171893080e+02    2.6332534071070928e+00
1.8884204355537532e-01    1.6534492169737055e-03    1.4007351548143060e+02    2.6186793733952878e+00
1.8967853352685912e-01    1.6643801853798027e-03    1.3986271026908625e+02    2.6041224993478660e+00
1.9051377482774604e-01    1.6753111537858999e-03    1.3965561481814106e+02    2.5895883879447368e+00
1.9135234238525237e-01    1.6863018402203376e-03    1.3945105308050859e+02    2.5749996087602525e+00
1.9218969178755402e-01    1.6972925266547753e-03    1.3925015801399371e+02    2.5604385493091049e+00
1.9302584469818665e-01    1.7082832130892131e-03    1.3905277824099304e+02    2.5459083298948388e+00
1.9386082155451148e-01    1.7192738995236508e-03    1.3885871098505316e+02    2.5314139320433968e+00
1.9469853222770142e-01    1.7303158947116716e-03    1.3866711114312642e+02    2.5168877326220844e+00
1.9553509634362209e-01    1.7413578898996924e-03    1.3847884433063203e+02    2.5024018327521302e+00
1.9637053349344064e-01    1.7523998850877132e-03    1.3829373099493100e+02    2.4879578316675897e+00
1.9720486234347148e-01    1.7634418802757340e-03    1.3811166705038599e+02    2.4735592806633950e+00
1.9804133631862514e-01    1.7745267749425804e-03    1.3793192226796441e+02    2.4591545808218158e+00
1.9887672987836705e-01    1.7856116696094266e-03    1.3775509558955625e+02    2.4447982144201346e+00
1.9971106021695070e-01    1.7966965642762728e-03    1.3758102783904079e+02    2.4304948567049292e+00
2.0054434373778379e-01    1.8077814589431192e-03    1.3740963170572377e+02    2.4162465239496704e+00
2.0137918457795681e-01    1.8189008438140337e-03    1.3724041216403666e+02    2.4020106777080876e+00
2.0221300512784382e-01    1.8300202286849481e-03    1.3707395584291746e+02    2.3878311652728725e+00
2.0304582156437331e-01    1.8411396135558625e-03    1.3691003632823285e+02    2.3737124062016357e+00
2.0387764881532672e-01    1.8522589984267769e-03    1.3674851704122767e+02    2.3596570807371799e+00
2.0471044896369839e-01    1.8634044642270018e-03    1.3658897799731162e+02    2.3456313375131299e+00
2.0554228404036121e-01    1.8745499300272268e-03    1.3643175438975970e+02    2.3316720187239977e+00
2.0637316787838980e-01    1.8856953958274517e-03    1.3627675130141043e+02    2.3177792190311690e+00
2.0720311376503148e-01    1.8968408616276769e-03    1.3612390167762248e+02    2.3039544317000797e+00
2.0803344850852507e-01    1.9080039990824547e-03    1.3597294340286709e+02    2.2901777735251225e+00
2.0886286807035875e-01    1.9191671365372325e-03    1.3582399076936863e+02    2.2764722909755224e+00
2.0969138465577744e-01    1.9303302739920104e-03    1.3567702733395180e+02    2.2628403426631412e+00
2.1051900994216774e-01    1.9414934114467882e-03    1.3553190669768185e+02    2.2492810517020523e+00
2.1134644087625160e-01    1.9526658112813617e-03    1.3538855089539294e+02    2.2357842033889237e+00
2.1217300172802986e-01    1.9638382111159354e-03    1.3524700870007240e+02    2.2223620502023218e+00
2.1299870344887017e-01    1.9750106109505091e-03    1.3510724943424259e+02    2.2090143338791122e+00
2.1382355676167578e-01    1.9861830107850823e-03    1.3496917810819653e+02    2.1957450001759291e+00
2.1464763396828293e-01    1.9973562637246936e-03    1.3483252642584446e+02    2.1825515174562096e+00
2.1547088116282259e-01    2.0085295166643053e-03    1.3469743829933827e+02    2.1694367450065859e+00
2.1629330755967768e-01    2.0197027696039166e-03    1.3456379173894101e+02    2.1564051601322953e+00
2.1711492215671754e-01    2.0308760225435278e-03    1.3443165024079701e+02    2.1434501397831776e+00
2.1793517887871183e-01    2.0420417193134201e-03    1.3430094904245740e+02    2.1305817326262182e+00
2.1875464192758876e-01    2.0532074160833124e-03    1.3417161893656939e+02    2.1177952718420472e+00
2.1957331924976173e-01    2.0643731128532046e-03    1.3404351121748681e+02    2.1050886233176986e+00
2.2039121821159682e-01    2.0755388096230965e-03    1.3391661256778298e+02    2.0924637522688689e+00
2.2120717825613778e-01    2.0866885409485114e-03    1.3379105892631043e+02    2.0799380462488091e+00
2.2202237633393263e-01    2.0978382722739259e-03    1.3366660579706718e+02    2.0674951677917002e+00
2.2283681890799317e-01    2.1089880035993405e-03    1.3354318803939367e+02    2.0551321740957298e+00
2.2365051243102430e-01    2.1201377349247554e-03    1.3342084546286631e+02    2.0428517666576371e+00
2.2473594078742973e-01    2.1350268021854734e-03    1.3325896403768436e+02    2.0265803225229919e+00
2.2582005799558857e-01    2.1499158694461918e-03    1.3309869776648154e+02    2.0104572993567453e+00
2.2690287682112545e-01    2.1648049367069097e-03    1.3293993331771753e+02    1.9944811177294512e+00
2.2799001377656825e-01    2.1797712122229983e-03    1.3278170901408129e+02    1.9785696433283892e+00
2.2907586191955975e-01    2.1947374877390870e-03    1.3262488599544338e+02    1.9628061514828132e+00
2.3016043138030085e-01    2.2097037632551756e-03    1.3246916102792611e+02    1.9471919439342693e+00
2.3124959423472061e-01    2.2247510780240209e-03    1.3231387896270817e+02    1.9316437298517437e+00
2.3233748404152518e-01    2.2397983927928667e-03    1.3215963588730799e+02    1.9162448907674576e+00
2.3342410893411550e-01    2.2548457075617120e-03    1.3200636070114919e+02    1.9009959261121008e+00
2.3451559460781857e-01    2.2699778924146537e-03    1.3185308883822194e+02    1.8858107678131526e+00
2.3560581565835675e-01    2.2851100772675959e-03    1.3170063048278314e+02    1.8707767706315588e+00
2.3669477827118224e-01    2.3002422621205376e-03    1.3154885491558292e+02    1.8558919400633132e+00
2.3778886009786243e-01    2.3154631478889153e-03    1.3139684151598644e+02    1.8410709774002763e+00
2.3888167934379187e-01    2.3306840336572931e-03    1.3124539664241706e+02    1.8264005629239708e+00
2.3997324036302664e-01    2.3459049194256708e-03    1.3109443422485035e+02    1.8118803644142105e+00
2.4107017131452813e-01    2.3612183369408242e-03    1.3094297056159547e+02    1.7974225117376721e+00
2.4216583558964921e-01    2.3765317544559772e-03    1.3079183126143809e+02    1.7831149799870656e+00
2.4326023551855203e-01    2.3918451719711306e-03    1.3064092984643671e+02    1.7689566589247929e+00
2.4436024766326167e-01    2.4072549520643988e-03    1.3048927331976685e+02    1.7548602274146941e+00
2.4545898274103650e-01    2.4226647321576671e-03    1.3033775108692745e+02    1.7409104404110791e+00
2.4655644135849028e-01    2.4380745122509354e-03    1.3018624365283540e+02    1.7271120632984933e+00
2.4765974661484461e-01    2.4535844857536578e-03    1.3003373574420937e+02    1.7133738168840773e+00
2.4876175834806849e-01    2.4690944592563801e-03    1.2988115113302754e+02    1.6997843526020200e+00
2.4986247570838782e-01    2.4846044327591025e-03    1.2972843368549022e+02    1.6863429927205613e+00
2.5096926637924555e-01    2.5002184305026190e-03    1.2957443820461393e+02    1.6729596802191926e+00
2.5207474143092479e-01    2.5158324282461351e-03    1.2942019802854810e+02    1.6597241657447066e+00
2.5317889829639750e-01    2.5314464259896517e-03    1.2926559011701281e+02    1.6466363012266589e+00
2.5428934690864707e-01    2.5471682788053012e-03    1.2910950119384032e+02    1.6336049256243430e+00
2.5539845201418393e-01    2.5628901316209511e-03    1.2895297203166135e+02    1.6207198460365002e+00
2.5650620929986589e-01    2.5786119844366006e-03    1.2879588827663662e+02    1.6079831242006868e+00
2.5762046901943603e-01    2.5944455231557231e-03    1.2863717240135287e+02    1.5952999705518678e+00
2.5873335248015478e-01    2.6102790618748452e-03    1.2847789698359392e+02    1.5827605511629288e+00
2.5984485394190904e-01    2.6261126005939677e-03    1.2831785996265955e+02    1.5703669868320749e+00
2.6096306051594403e-01    2.6420616560479024e-03    1.2815585512748137e+02    1.5580298317507242e+00
2.6207985095695013e-01    2.6580107115018368e-03    1.2799307670940382e+02    1.5458354224099322e+00
2.6319521922054712e-01    2.6739597669557715e-03    1.2782964125620471e+02    1.5337813128823472e+00
2.6431748858635229e-01    2.6900281699758582e-03    1.2766402144555204e+02    1.5217832580909867e+00
2.6543829880508113e-01    2.7060965729959444e-03    1.2749745220132584e+02    1.5099271480295837e+00
2.6655764113367797e-01    2.7221649760160310e-03    1.2732984721839831e+02    1.4982137829283491e+00
2.6768407061065469e-01    2.7383565574336088e-03    1.2715999926728644e+02    1.4865523342809159e+00
2.6880899155836613e-01    2.7545481388511865e-03    1.2698902582812218e+02    1.4750319251597173e+00
2.6993239449499162e-01    2.7707397202687643e-03    1.2681704804032938e+02    1.4636545363869431e+00
2.7106306422734572e-01    2.7870583109151728e-03    1.2664257950501100e+02    1.4523268558298996e+00
2.7219217190383588e-01    2.8033769015615817e-03    1.2646687494660216e+02    1.4411386819746761e+00
2.7331970628490398e-01    2.8196954922079902e-03    1.2628990538768022e+02    1.4300890002197217e+00
2.7445467766583459e-01    2.8361449229145686e-03    1.2611028628639532e+02    1.4190916602950567e+00
2.7558802755691408e-01    2.8525943536211471e-03    1.2592932246201363e+02    1.4082321544277021e+00
2.7671974464650217e-01    2.8690437843277255e-03    1.2574715925122879e+02    1.3975141479672866e+00
2.7785906186584775e-01    2.8856278859258140e-03    1.2556199121901899e+02    1.3868419762292794e+00
2.7899669379961739e-01    2.9022119875239021e-03    1.2537543276775112e+02    1.3763093077872834e+00
2.8013262752039192e-01    2.9187960891219906e-03    1.2518739148742830e+02    1.3659132147836366e+00
2.8127631486330645e-01    2.9355186924429283e-03    1.2499630078347293e+02    1.3555663181588216e+00
2.8241824783345171e-01    2.9522412957638656e-03    1.2480362310240636e+02    1.3453568010964274e+00
2.8355841250592034e-01    2.9689638990848034e-03    1.2460948673227578e+02    1.3352835689819018e+00
2.8470647661320414e-01    2.9858288349599296e-03    1.2441209255520640e+02    1.3252602420337793e+00
2.8585271304897186e-01    3.0026937708350558e-03    1.2421306280939882e+02    1.3153715225396319e+00
2.8699710701440140e-01    3.0195587067101820e-03    1.2401245335623105e+02    1.3056194265355250e+00
2.8814953774964591e-01    3.0365698059708359e-03    1.2380848206236973e+02    1.2959179413886990e+00
2.8930006375811274e-01    3.0535809052314902e-03    1.2360285123388662e+02    1.2863507844786510e+00
2.9044866943909292e-01    3.0705920044921441e-03    1.2339552746153640e+02    1.2769175691333818e+00
2.9160544101704738e-01    3.0877530979696662e-03    1.2318464685192329e+02    1.2675359645673367e+00
2.9276022566188226e-01    3.1049141914471878e-03    1.2297197846818904e+02    1.2582889560530037e+00
2.9391300641940510e-01    3.1220752849247099e-03    1.2275749509236807e+02    1.2491758171401763e+00
2.9507407218838444e-01    3.1393902034504389e-03    1.2253929349116054e+02    1.2401145523434018e+00
2.9623306393736087e-01    3.1567051219761675e-03    1.2231931996095270e+02    1.2311866099735584e+00
2.9738996483146535e-01    3.1740200405018966e-03    1.2209755534653605e+02    1.2223922404506062e+00
2.9855526244170150e-01    3.1914926149071723e-03    1.2187183780027198e+02    1.2136518587638352e+00
2.9971839352071672e-01    3.2089651893124479e-03    1.2164402105450571e+02    1.2050438407406707e+00
3.0087934082071621e-01    3.2264377637177236e-03    1.2141465350781644e+02    1.1965695305823798e+00
3.0204878721492245e-01    3.2440718248338851e-03    1.2118123189776767e+02    1.1881489140395425e+00
3.0321597456222943e-01    3.2617058859500466e-03    1.2094602738006587e+02    1.1798620473180286e+00
3.0438088462617557e-01    3.2793399470662080e-03    1.2070880014658509e+02    1.1717080054806981e+00
3.0526123162118224e-01    3.2926894810599984e-03    1.2052796140364070e+02    1.1656233127985778e+00
3.0614025493871905e-01    3.3060390150537887e-03    1.2034606668287509e+02    1.1596137644061943e+00
3.0701794652132663e-01    3.3193885490475790e-03    1.2016303192962580e+02    1.1536798316504604e+00
3.0789429825808245e-01    3.3327380830413694e-03    1.1997892437298223e+02    1.1478197053029420e+00
3.0877761101746370e-01    3.3462144783153337e-03    1.1979195097880863e+02    1.1419785766062638e+00
3.0965954180961258e-01    3.3596908735892979e-03    1.1960380397580485e+02    1.1362140523616657e+00
3.1054008243262554e-01    3.3731672688632622e-03    1.1941462069937383e+02    1.1305238649720595e+00
3.1141922556207080e-01    3.3866436641372265e-03    1.1922444550365591e+02    1.1249073171410111e+00
3.1230540626427800e-01    3.4002497938148690e-03    1.1903127494931061e+02    1.1193123856330920e+00
3.1319014565373232e-01    3.4138559234925111e-03    1.1883696587557340e+02    1.1137930051860394e+00
3.1407343592042414e-01    3.4274620531701537e-03    1.1864166744706911e+02    1.1083486332115617e+00
3.1495526918099725e-01    3.4410681828477962e-03    1.1844519880745099e+02    1.1029798928869177e+00
3.1584420914178768e-01    3.4548069200526213e-03    1.1824556372750533e+02    1.0976349707063842e+00
3.1673164607473803e-01    3.4685456572574468e-03    1.1804501049246467e+02    1.0923655349667845e+00
3.1761757238839183e-01    3.4822843944622723e-03    1.1784331603048547e+02    1.0871711364347212e+00
3.1850197948998388e-01    3.4960231316670974e-03    1.1764049623519270e+02    1.0820527491090128e+00
3.1939355713350598e-01    3.5098973495226102e-03    1.1743444096939180e+02    1.0769619696106756e+00
3.2028356789065532e-01    3.5237715673781230e-03    1.1722740948648378e+02    1.0719460118529156e+00
3.2117200470906287e-01    3.5376457852336358e-03    1.1701941200408244e+02    1.0670051354536108e+00
3.2205885912263771e-01    3.5515200030891490e-03    1.1681018673686022e+02    1.0621415969924712e+00
3.2295294222029897e-01    3.5655325747188543e-03    1.1659779093634189e+02    1.0573069718888175e+00
3.2384539338017287e-01    3.5795451463485595e-03    1.1638416399495053e+02    1.0525498473978112e+00
3.2473620414021476e-01    3.5935577179782648e-03    1.1616958019639659e+02    1.0478680173845585e+00
3.2562536707072182e-01    3.6075702896079700e-03    1.1595394534266084e+02    1.0432633943586136e+00
3.2652180984931978e-01    3.6217240881353720e-03    1.1573497684209636e+02    1.0386902897509858e+00
3.2741655465756386e-01    3.6358778866627745e-03    1.1551509005978698e+02    1.0341934849063428e+00
3.2830959331787890e-01    3.6500316851901769e-03    1.1529400004865383e+02    1.0297767294956726e+00
3.2920091707750621e-01    3.6641854837175794e-03    1.1507188990538423e+02    1.0254357690131177e+00
3.3039872367943074e-01    3.6832493484490504e-03    1.1477106720035009e+02    1.0197119805000043e+00
3.3159338562179147e-01    3.7023132131805210e-03    1.1446843686849148e+02    1.0141285126425585e+00
3.3278488224977099e-01    3.7213770779119921e-03    1.1416373902612109e+02    1.0086871895933243e+00
3.3398539415062772e-01    3.7406369068364049e-03    1.1385447956072314e+02    1.0033243201204471e+00
3.3518263945825660e-01    3.7598967357608173e-03    1.1354322697380424e+02    9.9810668619783049e-01
3.3637659709127826e-01    3.7791565646852301e-03    1.1323008764379811e+02    9.9303001624159526e-01
3.3757846865983776e-01    3.7985981480974811e-03    1.1291226345723453e+02    9.8804896395540553e-01
3.3877695292652443e-01    3.8180397315097322e-03    1.1259273037341831e+02    9.8321025468741696e-01
3.3997203140387833e-01    3.8374813149219832e-03    1.1227143322419961e+02    9.7851518981916075e-01
3.4116137972773508e-01    3.8568852250373338e-03    1.1194905081500882e+02    9.7397203464488058e-01
3.4234729910647771e-01    3.8762891351526840e-03    1.1162500276949952e+02    9.6957072814754319e-01
3.4352977220287512e-01    3.8956930452680345e-03    1.1129935408072170e+02    9.6531219355818354e-01
3.4528967984545522e-01    3.9246783537861332e-03    1.1080998819185480e+02    9.5921238688401467e-01
3.4704180483433433e-01    3.9536636623042310e-03    1.1031717974104804e+02    9.5342700325591878e-01
3.4878151793776402e-01    3.9825727416316851e-03    1.0982249284530404e+02    9.4797049574053993e-01
3.5051338583579456e-01    4.0114818209591382e-03    1.0932448754344846e+02    9.4282751011369192e-01
3.5223546140559331e-01    4.0403589985602301e-03    1.0882417359440183e+02    9.3799730199409881e-01
3.5394961548097270e-01    4.0692361761613212e-03    1.0832100191911130e+02    9.3347827454585319e-01
3.5565653586688184e-01    4.0981257795003343e-03    1.0781483440755086e+02    9.2926654015691923e-01
3.5735543978147816e-01    4.1270153828393474e-03    1.0730595551094274e+02    9.2536439709768070e-01
3.5904960006102277e-01    4.1559617393805625e-03    1.0679362472249969e+02    9.2176438506434288e-01
3.6073563371172568e-01    4.1849080959217777e-03    1.0627892100867872e+02    9.1847068434812962e-01
3.6241934636322520e-01    4.2139555331294782e-03    1.0575992466623413e+02    9.1547603192069582e-01
3.6409480160575142e-01    4.2430029703371779e-03    1.0523907574849922e+02    9.1279160163697626e-01
3.6577029428197905e-01    4.2721958156756480e-03    1.0471359805459085e+02    9.1040236651671991e-01
3.6743738384492669e-01    4.3013886610141173e-03    1.0418612797912587e+02    9.0832385868767096e-01
3.6910679283022096e-01    4.3307712419476379e-03    1.0365344721732622e+02    9.0654538413893804e-01
3.7076763176030958e-01    4.3601538228811576e-03    1.0311917913705355e+02    9.0507817935580370e-01
3.7243300266992035e-01    4.3897704668740111e-03    1.0257908009820257e+02    9.0391440277794644e-01
3.7408961654677414e-01    4.4193871108668637e-03    1.0203759412886555e+02    9.0306551550034564e-01
3.7575290027237684e-01    4.4492821453833327e-03    1.0148979300466306e+02    9.0252632516803954e-01
3.7740722037623053e-01    4.4791771798998016e-03    1.0094079391795721e+02    9.0230572617012983e-01
3.7907027214893640e-01    4.5093949324041694e-03    1.0038493781744879e+02    9.0240279939889845e-01
3.8072413239481406e-01    4.5396126849085372e-03    9.9828094588130895e+01    9.0282293433085270e-01
3.8238870693009874e-01    4.5701974828650863e-03    9.9263708277676258e+01    9.0357244227948519e-01
3.8404383785244317e-01    4.6007822808216345e-03    9.8698614581122399e+01    9.0464869383766100e-01
3.8571158577943693e-01    4.6317784516946466e-03    9.8125475475062998e+01    9.0606815080584724e-01
3.8736961812184401e-01    4.6627746225676595e-03    9.7552006571332228e+01    9.0781701765311251e-01
3.8904209033599496e-01    4.6942264938214179e-03    9.6969845520286171e+01    9.0992610090654003e-01
3.9070455167511559e-01    4.7256783650751763e-03    9.6387687514100350e+01    9.1236819568172445e-01
3.9238319279912220e-01    4.7576302641739645e-03    9.5796326048899573e+01    9.1518774328055186e-01
3.9405150546143397e-01    4.7895821632727527e-03    9.5205229045324032e+01    9.1834485653098086e-01
3.9573765215833639e-01    4.8220784176808505e-03    9.4604395330882710e+01    9.2189974402911068e-01
3.9741312841366039e-01    4.8545746720889491e-03    9.4004081928589329e+01    9.2579774428457606e-01
3.9910800491052001e-01    4.8876596092706417e-03    9.3393527261242042e+01    9.3011506538131905e-01
4.0079184484196662e-01    4.9207445464523351e-03    9.2783846482758221e+01    9.3477915075089446e-01
4.0249656472038764e-01    4.9544624938719049e-03    9.2163608543618693e+01    9.3988446026024353e-01
4.0418986121504391e-01    4.9881804412914748e-03    9.1544524355550934e+01    9.4534154709295803e-01
4.0590542705595384e-01    5.0225757264132026e-03    9.0914394194493156e+01    9.5126573195360264e-01
4.0760915806550246e-01    5.0569710115349305e-03    9.0285853746601290e+01    9.5754499159571660e-01
4.0933645804131713e-01    5.0920879618231007e-03    8.9645865527536600e+01    9.6431786954239262e-01
4.1105148870441016e-01    5.1272049121112717e-03    8.9007797558457412e+01    9.7145014775886984e-01
4.1279129496173428e-01    5.1630878550301658e-03    8.8357959259369977e+01    9.7910354343459505e-01
4.1451837519204598e-01    5.1989707979490599e-03    8.7710455869381349e+01    9.8711945192540762e-01
4.1627134520504661e-01    5.2356640609629605e-03    8.7050842220324554e+01    9.9568619077622744e-01
4.1801110966415056e-01    5.2723573239768610e-03    8.6393974583224633e+01    1.0046200952400599e+00
4.1977778500859975e-01    5.3099052345500523e-03    8.5724820911662960e+01    1.0141331469738817e+00
4.2153075585176442e-01    5.3474531451232436e-03    8.5058840045378659e+01    1.0240147865773921e+00
4.2331156575196677e-01    5.3859000307200063e-03    8.4380374924742227e+01    1.0345074561374366e+00
4.2507815185409659e-01    5.4243469163167690e-03    8.3705515877975657e+01    1.0453715711549161e+00
4.2687341143735291e-01    5.4637371044013857e-03    8.3018040182383075e+01    1.0568781417868744e+00
4.2865390909105400e-01    5.5031272924860025e-03    8.2334618487253707e+01    1.0687580617721291e+00
4.3046382082976298e-01    5.5435051105227565e-03    8.1638466805841844e+01    1.0813129703287696e+00
4.3225841506442336e-01    5.5838829285595106e-03    8.0946946830615587e+01    1.0942404652619397e+00
4.3408307560446535e-01    5.6252927040126846e-03    8.0242828773353281e+01    1.1078725443763850e+00
4.3589185127005942e-01    5.6667024794658585e-03    7.9543710357039302e+01    1.1218789816747643e+00
4.3773125229573878e-01    5.7091885397997340e-03    7.8831997277105572e+01    1.1366235502412430e+00
4.3955418626915632e-01    5.7516746001336095e-03    7.8125869195159680e+01    1.1517410176102576e+00
4.4140821532967350e-01    5.7952812728124707e-03    7.7407119815321593e+01    1.1676314677313149e+00
4.4324518400363122e-01    5.8388879454913320e-03    7.6694701159866824e+01    1.1838868882655202e+00
4.4511363402900017e-01    5.8836595579794615e-03    7.5969761968078302e+01    1.2009486717575710e+00
4.4696442259819263e-01    5.9284311704675911e-03    7.5251680837890973e+01    1.2183722335809113e+00
4.4884699323239757e-01    5.9744120502292688e-03    7.4521326133391966e+01    1.2366330366682765e+00
4.5071129622207667e-01    6.0203929299909474e-03    7.3798389699491509e+01    1.2552499314757801e+00
4.5260760205606987e-01    6.0676274044904584e-03    7.3063539321025047e+01    1.2747317196489005e+00
4.5448503380666017e-01    6.1148618789899694e-03    7.2336688267653685e+01    1.2945620005963179e+00
4.5639467272199136e-01    6.1633958049593530e-03    7.1598218950353555e+01    1.3152856307132132e+00
4.5828482971472079e-01    6.2119297309287365e-03    7.0868319682078905e+01    1.3363479014383681e+00
4.6021691471699022e-01    6.2620591737405579e-03    7.0123568442198390e+01    1.3584404182811838e+00
4.6212871467213318e-01    6.3121886165523793e-03    6.9388065745755895e+01    1.3808613054140662e+00
4.6408815667768311e-01    6.3641210685211553e-03    6.8636022792383088e+01    1.4044129457554673e+00
4.6602638839127497e-01    6.4160535204899312e-03    6.7894022965916889e+01    1.4282821344935788e+00
4.6801045534551622e-01    6.4698043879887947e-03    6.7136727832394911e+01    1.4532989489407275e+00
4.6997242647270948e-01    6.5235552554876574e-03    6.6390255443991094e+01    1.4786117051367540e+00
4.7197843425286617e-01    6.5791399448897406e-03    6.5629774980581317e+01    1.5050791709437954e+00
4.7396150738868736e-01    6.6347246342918238e-03    6.4880884534031850e+01    1.5318206697348384e+00
4.7598683663128338e-01    6.6921585519702552e-03    6.4119250546834408e+01    1.5597165973724578e+00
4.7798844454140499e-01    6.7495924696486867e-03    6.3370011204506312e+01    1.5878539608661733e+00
4.8003055870255740e-01    6.8088910219765986e-03    6.2609367940124997e+01    1.6171342869888805e+00
4.8204822441803385e-01    6.8681895743045113e-03    6.1861791949976400e+01    1.6466189878830937e+00
4.8410468440807874e-01    6.9293681676550365e-03    6.1104175814302252e+01    1.6772259093553643e+00
4.8613603386997817e-01    6.9905467610055618e-03    6.0360319138422113e+01    1.7079917085041751e+00
4.8820451478273552e-01    7.0536208017518299e-03    5.9607737495975790e+01    1.7398449182490148e+00
4.9024729223464375e-01    7.1166948424980989e-03    5.8869569811750111e+01    1.7718019733098611e+00
4.9232559535560111e-01    7.1816797370132428e-03    5.8123955867503859e+01    1.8048034350139712e+00
4.9437767495422003e-01    7.2466646315283868e-03    5.7393382090172665e+01    1.8378422103352143e+00
4.9646374095097762e-01    7.3135757861855378e-03    5.6656664493305620e+01    1.8718636817528027e+00
4.9852314106739498e-01    7.3804869408426888e-03    5.5935495786865118e+01    1.9058501549413920e+00
5.0061505950942931e-01    7.4493397620149782e-03    5.5209405657436491e+01    1.9407466172845012e+00
5.0267994789406256e-01    7.5181925831872666e-03    5.4499369916710265e+01    1.9755212347682123e+00
5.0477596629391031e-01    7.5890024772478247e-03    5.3785614411839774e+01    2.0111162342437949e+00
5.0684467151716139e-01    7.6598123713083827e-03    5.3088304528970795e+01    2.0464944937893192e+00
5.0894320179029229e-01    7.7325947446303441e-03    5.2388431974363684e+01    2.0825862865739611e+00
5.1101421807453407e-01    7.8053771179523055e-03    5.1705376992927931e+01    2.1183536149941937e+00
5.1206752905861030e-01    7.8427622474305514e-03    5.1360941795484806e+01    2.1365857835682913e+00
5.1311384375401436e-01    7.8801473769087981e-03    5.1020796954691718e+01    2.1547144210838396e+00
5.1415325012173074e-01    7.9175325063870448e-03    5.0684958236046377e+01    2.1727327868293158e+00
5.1518583506011173e-01    7.9549176358652898e-03    5.0353315374358495e+01    2.1906362966061850e+00
5.1623907764316546e-01    7.9933044113473673e-03    5.0017158671185136e+01    2.2088906438824707e+00
5.1728531116920085e-01    8.0316911868294448e-03    4.9685368406645829e+01    2.2270103031109421e+00
5.1832462669246349e-01    8.0700779623115223e-03    4.9357895661912295e+01    2.2449881803485989e+00
5.1935711446897237e-01    8.1084647377935998e-03    4.9034702625082780e+01    2.2628175182887351e+00
5.2040974473264179e-01    8.1478608624660741e-03    4.8707388886536329e+01    2.2809572978196209e+00
5.2145537223806504e-01    8.1872569871385501e-03    4.8384462298617308e+01    2.2989293440797747e+00
5.2249409135385128e-01    8.2266531118110262e-03    4.8065909268581557e+01    2.3167249081531063e+00
5.2352599565820368e-01    8.2660492364835005e-03    4.7751659032598099e+01    2.3343386920142231e+00
5.2457755464048716e-01    8.3064624135329376e-03    4.7433678601742322e+01    2.3522144623422307e+00
5.2562213726793128e-01    8.3468755905823765e-03    4.7120169953374749e+01    2.3698834890844194e+00
5.2665984116049691e-01    8.3872887676318154e-03    4.6811015360604081e+01    2.3873420979462763e+00
5.2769076195009201e-01    8.4277019446812526e-03    4.6506172757805729e+01    2.4045838919751272e+00
5.2874087949399373e-01    8.4691398772942204e-03    4.6198007665039945e+01    2.4220332853159983e+00
5.2978406558390156e-01    8.5105778099071883e-03    4.5894262581296317e+01    2.4392418346446365e+00
5.3082041973492267e-01    8.5520157425201561e-03    4.5594881702828395e+01    2.4562022796805025e+00
5.3185004028173477e-01    8.5934536751331239e-03    4.5299814269422328e+01    2.4729097653073389e+00
5.3289842855196679e-01    8.6359240664961850e-03    4.5001787969269635e+01    2.4897670870834800e+00
5.3393994797265643e-01    8.6783944578592460e-03    4.4708173378565512e+01    2.5063446167246641e+00
5.3497470030644556e-01    8.7208648492223088e-03    4.4418899258034415e+01    2.5226395866559068e+00
5.3600278500047760e-01    8.7633352405853699e-03    4.4133865617907240e+01    2.5386478272194757e+00
5.3704923764421986e-01    8.8068457938850937e-03    4.3846273060825126e+01    2.5547370500717985e+00
5.3808890099440221e-01    8.8503563471848175e-03    4.3563039106984796e+01    2.5705134794006761e+00
5.3912187741214102e-01    8.8938669004845414e-03    4.3284071696026047e+01    2.5859736585534958e+00
5.4014826834564300e-01    8.9373774537842652e-03    4.3009364485437168e+01    2.6011056785636284e+00
5.4119265742165357e-01    8.9819358722072126e-03    4.2732362647376014e+01    2.6162591995825433e+00
5.4223035086708937e-01    9.0264942906301618e-03    4.2459668059465940e+01    2.6310638109869382e+00
5.4326145311393959e-01    9.0710527090531110e-03    4.2191231823756986e+01    2.6455104835286924e+00
5.4428606662856482e-01    9.1156111274760584e-03    4.1926953903158584e+01    2.6595996340169465e+00
5.4532833705575445e-01    9.1612251142087972e-03    4.1660696888426159e+01    2.6736429744705279e+00
5.4636402044429855e-01    9.2068391009415378e-03    4.1398676643721210e+01    2.6873034164800691e+00
5.4739322141040470e-01    9.2524530876742783e-03    4.1140814337541279e+01    2.7005744332024895e+00
5.4841604276793654e-01    9.2980670744070189e-03    4.0887042288028567e+01    2.7134550568845057e+00
5.4945620765861269e-01    9.3447443326361169e-03    4.0631533358940885e+01    2.7262264464444503e+00
5.5048990498917294e-01    9.3914215908652149e-03    4.0380173924025868e+01    2.7385804897409045e+00
5.5151724054430595e-01    9.4380988490943112e-03    4.0132942555123833e+01    2.7505139679409103e+00
5.5253831765194461e-01    9.4847761073234092e-03    3.9889685682414068e+01    2.7620291912505786e+00
5.5357645278873602e-01    9.5325243402354307e-03    3.9644956274217691e+01    2.7733675516126985e+00
5.5460825184637375e-01    9.5802725731474504e-03    3.9404250529241466e+01    2.7842643020396109e+00
5.5563381968626757e-01    9.6280208060594702e-03    3.9167562819629616e+01    2.7947132574185969e+00
5.5665326004595694e-01    9.6757690389714917e-03    3.8934790115379165e+01    2.8047148995659970e+00
5.5768949899803588e-01    9.7245959497530010e-03    3.8700714753033324e+01    2.8144825581216479e+00
5.5871954193301610e-01    9.7734228605345103e-03    3.8470576586170743e+01    2.8237833250933586e+00
5.5974349323865147e-01    9.8222497713160196e-03    3.8244319353826818e+01    2.8326160583197662e+00
5.6076145543864309e-01    9.8710766820975290e-03    3.8021858934160569e+01    2.8409817422464800e+00
5.6179598083791393e-01    9.9209899739350939e-03    3.7798292721560784e+01    2.8490532474193673e+00
5.6282445773872170e-01    9.9709032657726571e-03    3.7578557986088285e+01    2.8566387369127866e+00
5.6384698956293455e-01    1.0020816557610220e-02    3.7362568955315709e+01    2.8637412823941548e+00
5.6486367751691913e-01    1.0070729849447785e-02    3.7150255071480203e+01    2.8703625660533527e+00
5.6589671703155220e-01    1.0121737225527970e-02    3.6937021213976109e+01    2.8766335606252778e+00
5.6692386192088928e-01    1.0172744601608155e-02    3.6727495184551898e+01    2.8824047688994674e+00
5.6794521417845123e-01    1.0223751977688340e-02    3.6521569753509141e+01    2.8876854888345447e+00
5.6896087268620088e-01    1.0274759353768525e-02    3.6319150718811279e+01    2.8924787093501481e+00
5.6999269210297521e-01    1.0326868517277894e-02    3.6115973600565020e+01    2.8968711086760366e+00
5.7101877362044462e-01    1.0378977680787264e-02    3.5916329123650350e+01    2.9007617083945543e+00
5.7203921703089533e-01    1.0431086844296635e-02    3.5720164143479565e+01    2.9041564166449003e+00
5.7305412023947078e-01    1.0483196007806006e-02    3.5527386429730093e+01    2.9070610704069528e+00
5.7408501315233829e-01    1.0536414661931129e-02    3.5333928837949252e+01    2.9095237232437694e+00
5.7511032717342081e-01    1.0589633316056252e-02    3.5143896019247975e+01    2.9114862952239844e+00
5.7714460806854007e-01    1.0696070624306499e-02    3.4773702433368342e+01    2.9139382259239053e+00
5.7919975853281613e-01    1.0804742320161377e-02    3.4408876414658373e+01    2.9144640328920683e+00
5.8123361118685235e-01    1.0913414016016256e-02    3.4056683386673228e+01    2.9130555396904776e+00
5.8328837067066930e-01    1.1024335505848901e-02    3.3709726143037692e+01    2.9096941502843903e+00
5.8532245543762185e-01    1.1135256995681547e-02    3.3374748880738309e+01    2.9044688988228318e+00
5.8737750584286319e-01    1.1248443685865089e-02    3.3044797858292263e+01    2.8972934754375905e+00
5.8941249419021213e-01    1.1361630376048631e-02    3.2726259059877385e+01    2.8883399255995079e+00
5.9146852698041841e-01    1.1477097672956200e-02    3.2412468623433753e+01    2.8774683577775306e+00
5.9350509155087572e-01    1.1592564969863771e-02    3.2109402089214534e+01    2.8649351912707974e+00
5.9556278486352954e-01    1.1710328279868502e-02    3.1810838781092528e+01    2.8505399776925100e+00
5.9760158308943367e-01    1.1828091589873234e-02    3.1522368286974068e+01    2.8346158392325984e+00
5.9966159873993141e-01    1.1948166342002412e-02    3.1238078283329482e+01    2.8169093869428661e+00
6.0170326434635146e-01    1.2068241094131592e-02    3.0963246461069311e+01    2.7978221278024198e+00
6.0376788802554937e-01    1.2190741359550301e-02    3.0692067945973143e+01    2.7770347943046154e+00
6.0581464745817404e-01    1.2313241624969011e-02    3.0429705415156018e+01    2.7550257910628617e+00
6.0788877265500607e-01    1.2438448876647273e-02    3.0170149093547685e+01    2.7313772864261541e+00
6.0994541324010498e-01    1.2563656128325534e-02    2.9918794503806261e+01    2.7066720660640229e+00
6.1203345972375123e-01    1.2691843329569616e-02    2.9669523745883964e+01    2.6803904882537108e+00
6.1410430761052848e-01    1.2820030530813698e-02    2.9427916646622094e+01    2.6532170717238306e+00
6.1621039354244900e-01    1.2951470644929871e-02    2.9187692255715181e+01    2.6245377827113421e+00
6.1829947546468433e-01    1.3082910759046044e-02    2.8954605405821500e+01    2.5951358791942813e+00
6.2042742552165908e-01    1.3217876749340576e-02    2.8722270921561755e+01    2.5642971707963453e+00
6.2253847946995244e-01    1.3352842739635105e-02    2.8496579539094206e+01    2.5329071894598751e+00
6.2469183530817751e-01    1.3491607569414260e-02    2.8271023505297780e+01    2.5001580480325067e+00
6.2682831624106483e-01    1.3630372399193414e-02    2.8051655554400970e+01    2.4670246954804740e+00
6.2901034100430109e-01    1.3773209031763461e-02    2.7831863011542822e+01    2.4326147315154847e+00
6.3117542745238830e-01    1.3916045664333507e-02    2.7617793614701849e+01    2.3979903398773774e+00
6.3338910717191044e-01    1.4063227063000712e-02    2.7402773118263664e+01    2.3621728685480394e+00
6.3558569932088527e-01    1.4210408461667916e-02    2.7193028722206847e+01    2.3263009666875090e+00
6.3783374029622497e-01    1.4362207589738550e-02    2.6981814055502969e+01    2.2893281935188132e+00
6.4006445521055688e-01    1.4514006717809183e-02    2.6775440649346070e+01    2.2524594253032704e+00
6.4234927683761622e-01    1.4670696538589514e-02    2.6567108871564582e+01    2.2145826481582138e+00
6.4461644344334856e-01    1.4827386359369844e-02    2.6363208239419802e+01    2.1769648999930920e+00
6.4694017344507104e-01    1.4989239836166131e-02    2.6156875994123158e+01    2.1384367628295577e+00
6.4924582495087457e-01    1.5151093312962419e-02    2.5954551908485421e+01    2.1003024833192150e+00
6.5161028397803233e-01    1.5318383409080937e-02    2.5749302340559730e+01    2.0613566211843968e+00
6.5395614082232645e-01    1.5485673505199454e-02    2.5547726322903532e+01    2.0229445937121340e+00
6.5556275585332457e-01    1.5601006624364129e-02    2.5410697513723232e+01    1.9967901997295496e+00
6.5716077824359842e-01    1.5716339743528804e-02    2.5275173844220202e+01    1.9709202368003953e+00
6.5875029962014020e-01    1.5831672862693481e-02    2.5141050358516303e+01    1.9453440754763227e+00
6.6038593344293750e-01    1.5950994345814665e-02    2.5003699104537251e+01    1.9192023175440305e+00
6.6201265107522089e-01    1.6070315828935845e-02    2.4867685243161450e+01    1.8933948630489563e+00
6.6363053695043528e-01    1.6189637312057029e-02    2.4732929224606249e+01    1.8679277701221451e+00
6.6529575392770801e-01    1.6313129134672234e-02    2.4594724018335704e+01    1.8419384253763922e+00
6.6695168004846861e-01    1.6436620957287439e-02    2.4457699463329057e+01    1.8163274931600717e+00
6.6859839289760914e-01    1.6560112779902644e-02    2.4321795073548966e+01    1.7910985728593856e+00
6.7029351382339919e-01    1.6687956917549381e-02    2.4182202180884630e+01    1.7653856717514835e+00
6.7197891582639879e-01    1.6815801055196120e-02    2.4043688529497313e+01    1.7400943477556263e+00
6.7365467110332211e-01    1.6943645192842857e-02    2.3906160399231172e+01    1.7152190302055270e+00
6.7537976647352982e-01    1.7076023621058641e-02    2.3764742648022004e+01    1.6899047104878138e+00
6.7709466075038749e-01    1.7208402049274426e-02    2.3624257060927409e+01    1.6650413719117494e+00
6.7879941993919946e-01    1.7340780477490211e-02    2.3484664448367855e+01    1.6406273125127580e+00
6.8055429805792089e-01    1.7477875171812547e-02    2.3340968447315227e+01    1.6158171628461093e+00
6.8229843726809136e-01    1.7614969866134884e-02    2.3198110989445272e+01    1.5914847998976560e+00
6.8403189871444559e-01    1.7752064560457220e-02    2.3056042859119604e+01    1.5676273063408903e+00
6.8581609855775283e-01    1.7894057496423622e-02    2.2909669799782797e+01    1.5434121915944652e+00
6.8758896504572975e-01    1.8036050432390028e-02    2.2764058143101678e+01    1.5196953041566583e+00
6.8935055455981209e-01    1.8178043368356430e-02    2.2619138558884408e+01    1.4964740227972981e+00
6.9116333739791980e-01    1.8325116521504412e-02    2.2469751037810067e+01    1.4729380405569641e+00
6.9296413590626560e-01    1.8472189674652393e-02    2.2321047245090838e+01    1.4499173258321729e+00
6.9475300325120770e-01    1.8619262827800374e-02    2.2172986295015797e+01    1.4274063785363891e+00
6.9659335017982726e-01    1.8771598173667445e-02    2.2020278755359463e+01    1.4046153976789402e+00
6.9842100486592473e-01    1.8923933519534520e-02    2.1868197386366596e+01    1.3823565026599769e+00
7.0023601897125287e-01    1.9076268865401591e-02    2.1716732002768612e+01    1.3606161496737843e+00
7.0210262551800950e-01    1.9234048379525262e-02    2.1560473721141090e+01    1.3386329528615724e+00
7.0395577871299764e-01    1.9391827893648936e-02    2.1404814534453362e+01    1.3171881898145166e+00
7.0579552995676609e-01    1.9549607407772607e-02    2.1249749407716330e+01    1.2962687296213884e+00
7.0768681018596835e-01    1.9713013065690396e-02    2.1089763256613914e+01    1.2751459036308312e+00
7.0956382448913957e-01    1.9876418723608187e-02    2.0930381315008962e+01    1.2545629500365882e+00
7.1142662640467935e-01    2.0039824381525975e-02    2.0771594854437065e+01    1.2345077429505928e+00
7.1334071752403505e-01    2.0209038158775387e-02    2.0607787750172438e+01    1.2142847955100371e+00
7.1523968301446939e-01    2.0378251936024799e-02    2.0444604516849431e+01    1.1946034915451436e+00
7.1712358054943071e-01    2.0547465713274211e-02    2.0282044602150624e+01    1.1754469917806183e+00
7.1905835099136217e-01    2.0722669585392758e-02    2.0114383305050612e+01    1.1561594268532658e+00
7.2097709359823969e-01    2.0897873457511304e-02    1.9947398299770988e+01    1.1374113783604651e+00
7.2287987304007317e-01    2.1073077329629850e-02    1.9781086003613851e+01    1.1191896491159916e+00
7.2483293577517072e-01    2.1254453272155055e-02    1.9609630552282120e+01    1.1008687181409997e+00
7.2676903301420748e-01    2.1435829214680256e-02    1.9438917477590962e+01    1.0830823661249780e+00
7.2868823892730172e-01    2.1617205157205461e-02    1.9268956660885699e+01    1.0658202384519191e+00
7.3163460570801953e-01    2.1898800139909497e-02    1.9006592220877771e+01    1.0400287392850869e+00
7.3454072434576190e-01    2.2180395122613529e-02    1.8746116559966183e+01    1.0154201369852467e+00
7.3750596226083909e-01    2.2471794137540069e-02    1.8478616521643470e+01    9.9115736024183210e-01
7.4042875308966682e-01    2.2763193152466610e-02    1.8213264111164364e+01    9.6807030033896291e-01
7.4340831352238534e-01    2.3064669162921925e-02    1.7941062958971528e+01    9.4537718736310872e-01
7.4634320916415731e-01    2.3366145173377241e-02    1.7671316143968951e+01    9.2385330371052032e-01
7.4933230839494291e-01    2.3677971142667599e-02    1.7394966532142135e+01    9.0277551027969904e-01
7.5227453030249192e-01    2.3989797111957957e-02    1.7121402117052529e+01    8.8286318404483810e-01
7.5526819774946263e-01    2.4312246003389625e-02    1.6841541922758861e+01    8.6345866404915617e-01
7.5821280494454435e-01    2.4634694894821289e-02    1.6564838548999091e+01    8.4521462930728153e-01
7.6120593777701617e-01    2.4968039671700533e-02    1.6282191193673611e+01    8.2753958922286819e-01
7.6414788161547742e-01    2.5301384448579774e-02    1.6003107248113846e+01    8.1103319396353779e-01
7.6713530246881423e-01    2.5645898074212869e-02    1.5718483989266012e+01    7.9516393313030287e-01
7.7006948483497073e-01    2.5990411699845964e-02    1.5437826403561317e+01    7.8046966585100019e-01
7.7304599653188499e-01    2.6346367137539163e-02    1.5152088180529038e+01    7.6648518265103949e-01
7.7596732526067624e-01    2.6702322575232362e-02    1.4870728743175173e+01    7.5369038413266076e-01
7.7892777029241933e-01    2.7069992788291940e-02    1.4584763162690223e+01    7.4168496087527591e-01
7.8183121261378707e-01    2.7437663001351514e-02    1.4303595096011147e+01    7.3088051171187296e-01
7.8477235819708668e-01    2.7817559765621835e-02    1.4018162389511653e+01    7.2094411510421008e-01
7.8765475853605227e-01    2.8197456529892154e-02    1.3737929519042158e+01    7.1222386875231181e-01
7.9058756906698713e-01    2.8592041635799488e-02    1.3452395763168340e+01    7.0441647331003643e-01
7.9345939221068584e-01    2.8986626741706819e-02    1.3172530589008970e+01    6.9785330033122339e-01
7.9639843322651682e-01    2.9399227513412517e-02    1.2885933003359019e+01    6.9227710342703919e-01
7.9927352106377891e-01    2.9811828285118216e-02    1.2605523445118349e+01    6.8797669724877675e-01
8.0222983794131586e-01    3.0245768821424428e-02    1.2317258497191089e+01    6.8478531652817620e-01
8.0511856887029942e-01    3.0679709357730636e-02    1.2035769073724369e+01    6.8291195190200882e-01
8.0809980307547180e-01    3.1138313757439501e-02    1.1745588931646607e+01    6.8230652240149670e-01
8.1100921321166353e-01    3.1596918157148365e-02    1.1462843233690826e+01    6.8305488893871835e-01
8.1401971463336442e-01    3.2083510519062025e-02    1.1170871030761626e+01    6.8525992443085137e-01
8.1695362793938608e-01    3.2570102880975692e-02    1.0887047848413921e+01    6.8884473451740391e-01
8.1999461056918987e-01    3.3088007303896314e-02    1.0593761631362254e+01    6.9409165276421614e-01
8.2295381274581147e-01    3.3605911726816935e-02    1.0309379626630857e+01    7.0072552438112112e-01
8.2602356317712011e-01    3.4158452309546630e-02    1.0015586479734484e+01    7.0923316698813932e-01
8.2900603025356123e-01    3.4710992892276325e-02    9.7314778296406406e+00    7.1911017251350184e-01
8.3210017666621938e-01    3.5301493733617254e-02    9.4382729131290990e+00    7.3106347138949401e-01
8.3510136112262867e-01    3.5891994574958182e-02    9.1555338829306905e+00    7.4434135620518460e-01
8.3821320115277254e-01    3.6523779773712475e-02    8.8642556096325809e+00    7.5988417008749709e-01
8.4122637867766625e-01    3.7155564972466776e-02    8.5842012873635181e+00    7.7667734725045945e-01
8.4434726705666630e-01    3.7831958627436602e-02    8.2963606296943997e+00    7.9590092420188185e-01
8.4736393049164627e-01    3.8508352282406427e-02    8.0204474146273768e+00    8.1627287878419519e-01
8.5048370614239477e-01    3.9232678492393910e-02    7.7376632712941662e+00    8.3921422347505370e-01
8.5349399949306504e-01    3.9957004702381393e-02    7.4674279633410752e+00    8.6317765769359844e-01
8.5660144551355766e-01    4.0732587566188687e-02    7.1913438147854860e+00    8.8982249370170152e-01
8.5959461565428763e-01    4.1508170429995980e-02    6.9283250691551945e+00    9.1734483350040397e-01
8.6267792477807292e-01    4.2338334046425244e-02    6.6605369770995821e+00    9.4762984314788001e-01
8.6564277314521687e-01    4.3168497662854514e-02    6.4062041804180589e+00    9.7863077758205252e-01
8.6869000148616871e-01    4.4056566130707853e-02    6.1481966822998038e+00    1.0124470686724534e+00
8.7161531755441468e-01    4.4944634598561198e-02    5.9038875765303640e+00    1.0468068103768371e+00
8.7461480425320381e-01    4.5893932016640784e-02    5.6569655529684848e+00    1.0840036825947983e+00
8.7748975361907899e-01    4.6843229434720364e-02    5.4238329624270776e+00    1.1215609177594483e+00
8.8043048642911381e-01    4.7857079901828324e-02    5.1890806473091562e+00    1.1619482560195331e+00
8.8324494393752251e-01    4.8870930368936284e-02    4.9680545653671215e+00    1.2025044500495590e+00
8.8611686165189207e-01    4.9952657983874785e-02    4.7463139975473867e+00    1.2458474249341103e+00
8.8886168281756373e-01    5.1034385598813278e-02    4.5380804337873775e+00    1.2891623964808678e+00
8.9165590209513113e-01    5.2187314460384437e-02    4.3299201619572649e+00    1.3351933130788745e+00
8.9432311082726212e-01    5.3340243321955604e-02    4.1349175147239983e+00    1.3809914723055836e+00
8.9703207875447211e-01    5.4567697528961581e-02    3.9406500773788573e+00    1.4294016444607760e+00
8.9961499106235787e-01    5.5795151735967566e-02    3.7590673154593728e+00    1.4773699048326088e+00
9.0223256162819898e-01    5.7100455387210508e-02    3.5787615597992835e+00    1.5278161452165229e+00
9.0472583996315570e-01    5.8405759038453443e-02    3.4105654155208227e+00    1.5776113862262355e+00
9.0724728960381507e-01    5.9792236232735482e-02    3.2440649347725330e+00    1.6297198068889711e+00
9.0964693394489504e-01    6.1178713427017528e-02    3.0890211771910328e+00    1.6809758845389078e+00
9.1206891466018181e-01    6.2649688263140865e-02    2.9359751753438132e+00    1.7343598762411065e+00
9.1437220302869893e-01    6.4120663099264202e-02    2.7936850906057833e+00    1.7866812697842869e+00
9.1669266165481844e-01    6.5679459676030894e-02    2.6535990172113282e+00    1.8409260946276629e+00
9.1889806926065343e-01    6.7238256252797585e-02    2.5235301147745530e+00    1.8939145981736885e+00
9.2111612995362124e-01    6.8888198669009804e-02    2.3957758302009124e+00    1.9486152853589531e+00
9.2322319598324332e-01    7.0538141085222036e-02    2.2772929949003342e+00    2.0018756259267723e+00
9.2533902075576457e-01    7.2282553439681929e-02    2.1611697600769619e+00    2.0566212606908527e+00
9.2734822741140821e-01    7.4026965794141836e-02    2.0535703058287655e+00    2.1097652356059537e+00
9.2936287413673746e-01    7.5869172185651562e-02    1.9483170091249258e+00    2.1641679671308149e+00
9.3127550232644563e-01    7.7711378577161302e-02    1.8508601623708081e+00    2.2168262198502457e+00
9.3319078014848766e-01    7.9654703104522995e-02    1.7556918591603117e+00    2.2705218799232840e+00
9.3500877612639899e-01    8.1598027631884701e-02    1.6676179161272580e+00    2.3223570940028524e+00
9.3682710242347178e-01    8.3645794393900505e-02    1.5817436013445370e+00    2.3750179527788009e+00
9.3855294545439438e-01    8.5693561155916309e-02    1.5022977530240771e+00    2.4257273494891183e+00
9.4027721636679829e-01    8.7849094251388440e-02    1.4249395588151486e+00    2.4770661754436851e+00
9.4191380013558024e-01    9.0004627346860572e-02    1.3533866026295585e+00    2.5263901482783067e+00
9.4354727443033504e-01    9.2271250874591038e-02    1.2837944900538947e+00    2.5761672315952651e+00
9.4509780162971768e-01    9.4537874402321517e-02    1.2194284094747876e+00    2.6238928645883082e+00
9.4664399620727868e-01    9.6918912461112533e-02    1.1568883848715492e+00    2.6719187692493547e+00
9.4811188391802681e-01    9.9299950519903549e-02    1.0990404409610524e+00    2.7178856560445661e+00
9.5096328078880321e-01    1.0429750389721096e-01    9.9092959692485827e-01    2.8081143323759661e+00
9.5365940535329774e-01    1.0953718273184804e-01    8.9389029833445965e-01    2.8944389029215905e+00
9.5620770368632868e-01    1.1502563522141906e-01    8.0681586500090818e-01    2.9768110081336574e+00
9.5861558398821500e-01    1.2076950956352833e-01    7.2869191217033724e-01    3.0552922939550586e+00
9.6093309632462354e-01    1.2689434107668129e-01    6.5731208326480717e-01    3.1314454300396561e+00
9.6302897477850757e-01    1.3301917258983426e-01    5.9597834622804724e-01    3.2009532490093195e+00
9.6580153266343072e-01    1.4213282745601000e-01    5.1953594791739044e-01    3.2942704844174928e+00
9.6822935960959522e-01    1.5124648232218574e-01    4.5698306695369445e-01    3.3781035967341069e+00
9.7037330305327230e-01    1.6036013718836148e-01    4.0514106592795074e-01    3.4550066878988650e+00
9.7182056779028503e-01    1.6717936838803610e-01    3.7194305253720067e-01    3.5093574992278445e+00
9.7315161842069686e-01    1.7399859958771072e-01    3.4268745967016168e-01    3.5619171895653654e+00
9.7551716870195870e-01    1.8763706198705993e-01    2.9370625658766669e-01    3.6647203329106195e+00
9.7755606423863672e-01    2.0127552438640917e-01    2.5457478979054488e-01    3.7691038652438333e+00
9.7928045135909458e-01    2.1449226929109555e-01    2.2370305315533026e-01    3.8766676588903821e+00
9.8080180252109217e-01    2.2770901419578196e-01    1.9815393942509232e-01    3.9950227460636842e+00
9.8215417391733351e-01    2.4092575910046837e-01    1.7676803360262205e-01    4.1284005624413487e+00
9.8336439450699820e-01    2.5414250400515476e-01    1.5868580011341210e-01    4.2808532552911158e+00
9.8465418020627793e-01    2.6994143947031085e-01    1.4051055721404690e-01    4.4934875628469673e+00
9.8580032510220661e-01    2.8574037493546695e-01    1.2530700248595447e-01    4.7449903600542447e+00
9.8774851185902246e-01    3.1733824586577913e-01    1.0150659980913367e-01    5.3858722995232906e+00
9.8954034879943897e-01    3.5328908282762067e-01    8.1885899954202854e-02    6.3742854340141681e+00
9.9100149759357592e-01    3.8923991978946221e-01    6.7496152567300585e-02    7.6709564877007210e+00
9.9232536745459055e-01    4.2873230769342308e-01    5.5709385159398599e-02    9.4739765062564008e+00
9.9342783944318214e-01    4.6822469559738389e-01    4.6805550018387022e-02    1.1686809656704856e+01
9.9526370846053336e-01    5.5266974311072403e-01    3.3830362125611892e-02    1.7813455287663512e+01
9.9667880166570011e-01    6.4095223215066255e-01    2.5441799754776773e-02    2.6187876337619752e+01
9.9779022103439485e-01    7.3144933253838174e-01    1.9868565402644731e-02    3.6572926994435953e+01
9.9867950428991581e-01    8.2253821409505656e-01    1.6080373170378807e-02    4.8263779903463011e+01
9.9940301248149177e-01    9.1259604664186955e-01    1.3458092319508404e-02    6.0166684380772764e+01
1.0000000000000000e+00    1.0000000000000002e+00    1.1617271232018221e-02    7.1076680518006867e+01
