0.0000000000000000e+00    0.0000000000000000e+00    4.1472877156192612e+02    1.3003877573079887e+00
3.2103815522175915e-03    1.4307760328795741e-05    4.0611022209937454e+02    1.3409640237360927e+00
6.4924261035240521e-03    2.9251004161933851e-05    3.9736903527106523e+02    1.3840470950784634e+00
9.8365590787617245e-03    4.4817388288361318e-05    3.8854131640337090e+02    1.4296457390410418e+00
1.3233591672652692e-02    6.0994569497025133e-05    3.7966205548863041e+02    1.4777555030683316e+00
1.6674759772187339e-02    7.7770204576872297e-05    3.7076483337731099e+02    1.5283573103542443e+00
2.0151756836724693e-02    9.5131950316849811e-05    3.6188165956096515e+02    1.5814149235012451e+00
2.3656758579607917e-02    1.1306746350590464e-04    3.5304259976369241e+02    1.6368736822978136e+00
2.7182444750236325e-02    1.3156440093298381e-04    3.4427619050900614e+02    1.6946551648513424e+00
3.0722007839581771e-02    1.5061041938703429e-04    3.3560789655638223e+02    1.7546660842700466e+00
3.4269161430455983e-02    1.7019317565700309e-04    3.2706226405082259e+02    1.8167793549666689e+00
3.7818144089220837e-02    1.9030032653183723e-04    3.1866068175549719e+02    1.8808498429288336e+00
4.1363710353591994e-02    2.1091952880048366e-04    3.1042266022067076e+02    1.9467031839581272e+00
4.4901124468860319e-02    2.3203843925188937e-04    3.0236531393516020e+02    2.0141380985443682e+00
4.8426145752446886e-02    2.5364471467500144e-04    2.9450356478436112e+02    2.0829273863058968e+00
5.1935011990604976e-02    2.7572601185876669e-04    2.8685013577758809e+02    2.1528173280331266e+00
5.5424419791222410e-02    2.9826998759213230e-04    2.7941572971418464e+02    2.2235279900237028e+00
5.8891502038992488e-02    3.2126429866404519e-04    2.7220896319560399e+02    2.2947559781223772e+00
6.2333803612779633e-02    3.4469660186345227e-04    2.6523664138935169e+02    2.3661754745183736e+00
6.5749255000928417e-02    3.6855455397930069e-04    2.5850365767568070e+02    2.4374431807918455e+00
6.9136146329402112e-02    3.9282581180053735e-04    2.5201349223827989e+02    2.5081970782338727e+00
7.2493100462055468e-02    4.1749803211610928e-04    2.4576790944899935e+02    2.5780659843369005e+00
7.5819044481690162e-02    4.4255887171496336e-04    2.3976738365382590e+02    2.6466700580368467e+00
7.9113183156218361e-02    4.6799598738604681e-04    2.3401110508407959e+02    2.7136272436780082e+00
8.2374972108189143e-02    4.9379703591830644e-04    2.2849718818403610e+02    2.7785575346473865e+00
8.5604091811032054e-02    5.1994967410068924e-04    2.2322270670032211e+02    2.8410894714670198e+00
8.8800422195536244e-02    5.4644155872214228e-04    2.1818389533029878e+02    2.9008640653613411e+00
9.1964019094413513e-02    5.7326034657161269e-04    2.1337623311783801e+02    2.9575415501340481e+00
9.5095090407410224e-02    6.0039369443804706e-04    2.0879448182462423e+02    3.0108053597319691e+00
9.8193975814050732e-02    6.2782925911039275e-04    2.0443304303117952e+02    3.0603659425951872e+00
1.0126112593770627e-01    6.5555469737759667e-04    2.0028561961159591e+02    3.1059681470696510e+00
1.0429708236423366e-01    6.8355766602860597e-04    1.9634572132676439e+02    3.1473909005106568e+00
1.0730246273288446e-01    7.1182582185236711e-04    1.9260660182555782e+02    3.1844503493294902e+00
1.1027794197709900e-01    7.4034682163782756e-04    1.8906107533720183e+02    3.2170079729093342e+00
1.1322423936796630e-01    7.6910832217393424e-04    1.8570216278579795e+02    3.2449598874822043e+00
1.1615010895185730e-01    7.9817819354249732e-04    1.8251385154064883e+02    3.2683098891788931e+00
1.1911406480301216e-01    8.2813669461830736e-04    1.7943141250798519e+02    3.2873267752585504e+00
1.2212359026759632e-01    8.5907408398614121e-04    1.7645061157822067e+02    3.3017414113659584e+00
1.2517406337239492e-01    8.9095672454696890e-04    1.7357902686115921e+02    3.3112466568907832e+00
1.2826130972526953e-01    9.2375097920176013e-04    1.7082275452042506e+02    3.3156023673590176e+00
1.3138157248058224e-01    9.5742321085148492e-04    1.6818599787893743e+02    3.3146506373105749e+00
1.3453148172115245e-01    9.9193978239711308e-04    1.6567174171761593e+02    3.3083102840345013e+00
1.3770801010662692e-01    1.0272670567396149e-03    1.6328061844854125e+02    3.2965904175478462e+00
1.4090844554655427e-01    1.0633713967799603e-03    1.6101362243953938e+02    3.2795570167073245e+00
1.4413035699860369e-01    1.1002191654191184e-03    1.5886917552234749e+02    3.2573689363155687e+00
1.4737155210556116e-01    1.1377767255580599e-03    1.5684574327540827e+02    3.2302369329754912e+00
1.5063004555201692e-01    1.1760104400977548e-03    1.5494001188773564e+02    3.1984414138750519e+00
1.5390402154046978e-01    1.2148866719391730e-03    1.5314879145967495e+02    3.1622999034314128e+00
1.5719181412003783e-01    1.2543717839832839e-03    1.5146818926727741e+02    3.1221711097078404e+00
1.6049187169480478e-01    1.2944321391310579e-03    1.4989363560619825e+02    3.0784450045138709e+00
1.6380273158396630e-01    1.3350341002834653e-03    1.4842043550515513e+02    3.0315263545396487e+00
1.6712299834625829e-01    1.3761440303414751e-03    1.4704353547066435e+02    2.9818312247308589e+00
1.7045131811871606e-01    1.4177282922060578e-03    1.4575758091629407e+02    2.9297759103710401e+00
1.7378636345855122e-01    1.4597532487781830e-03    1.4455745575248761e+02    2.8757699085324089e+00
1.7712681573598296e-01    1.5021852629588210e-03    1.4343759739519584e+02    2.8202063662701495e+00
1.8047134724144975e-01    1.5449906976489425e-03    1.4239269121109388e+02    2.7634653125833966e+00
1.8381861533320279e-01    1.5881359157495156e-03    1.4141759290759768e+02    2.7059000111160798e+00
1.8716724767357321e-01    1.6315872801615113e-03    1.4050690588092692e+02    2.6478417839645729e+00
1.9051583300215821e-01    1.6753111537858999e-03    1.3965561481814106e+02    2.5895883879447368e+00
1.9386291559397140e-01    1.7192738995236508e-03    1.3885871098505316e+02    2.5314139320433968e+00
1.9720699302995121e-01    1.7634418802757340e-03    1.3811166705038599e+02    2.4735592806633950e+00
2.0054650878236241e-01    1.8077814589431192e-03    1.3740963170572377e+02    2.4162465239496704e+00
2.0387985086681312e-01    1.8522589984267769e-03    1.3674851704122767e+02    2.3596570807371799e+00
2.0720535185399466e-01    1.8968408616276769e-03    1.3612390167762248e+02    2.3039544317000797e+00
2.1052128279806476e-01    1.9414934114467882e-03    1.3553190669768185e+02    2.2492810517020523e+00
2.1382586693229572e-01    1.9861830107850823e-03    1.3496917810819653e+02    2.1957450001759291e+00
2.1711726860918693e-01    2.0308760225435278e-03    1.3443165024079701e+02    2.1434501397831776e+00
2.2039359976864936e-01    2.0755388096230965e-03    1.3391661256778298e+02    2.0924637522688689e+00
2.2365292936406256e-01    2.1201377349247554e-03    1.3342084546286631e+02    2.0428517666576371e+00
2.2690532890848722e-01    2.1648049367069097e-03    1.3293993331771753e+02    1.9944811177294512e+00
2.3016291819450027e-01    2.2097037632551756e-03    1.3246916102792611e+02    1.9471919439342693e+00
2.3342663070668609e-01    2.2548457075617120e-03    1.3200636070114919e+02    1.9009959261121008e+00
2.3669733539471716e-01    2.3002422621205376e-03    1.3154885491558292e+02    1.8558919400633132e+00
2.3997583296314520e-01    2.3459049194256708e-03    1.3109443422485035e+02    1.8118803644142105e+00
2.4326286344070305e-01    2.3918451719711306e-03    1.3064092984643671e+02    1.7689566589247929e+00
2.4655910480425031e-01    2.4380745122509354e-03    1.3018624365283540e+02    1.7271120632984933e+00
2.4986517512334674e-01    2.4846044327591025e-03    1.2972843368549022e+02    1.6863429927205613e+00
2.5318163377684250e-01    2.5314464259896517e-03    1.2926559011701281e+02    1.6466363012266589e+00
2.5650898037763936e-01    2.5786119844366006e-03    1.2879588827663662e+02    1.6079831242006868e+00
2.5984766087012512e-01    2.6261126005939677e-03    1.2831785996265955e+02    1.5703669868320749e+00
2.6319806425626757e-01    2.6739597669557715e-03    1.2782964125620471e+02    1.5337813128823472e+00
2.6656052158341997e-01    2.7221649760160310e-03    1.2732984721839831e+02    1.4982137829283491e+00
2.6993531180783142e-01    2.7707397202687643e-03    1.2681704804032938e+02    1.4636545363869431e+00
2.7332265921917498e-01    2.8196954922079902e-03    1.2628990538768022e+02    1.4300890002197217e+00
2.7672273539024050e-01    2.8690437843277255e-03    1.2574715925122879e+02    1.3975141479672866e+00
2.8013565529111339e-01    2.9187960891219906e-03    1.2518739148742830e+02    1.3659132147836366e+00
2.8356147758368572e-01    2.9689638990848034e-03    1.2460948673227578e+02    1.3352835689819018e+00
2.8700020901795820e-01    3.0195587067101820e-03    1.2401245335623105e+02    1.3056194265355250e+00
2.9045180887390482e-01    3.0705920044921441e-03    1.2339552746153640e+02    1.2769175691333818e+00
2.9391618249492663e-01    3.1220752849247099e-03    1.2275749509236807e+02    1.2491758171401763e+00
2.9739317981615043e-01    3.1740200405018966e-03    1.2209755534653605e+02    1.2223922404506062e+00
3.0088259415686797e-01    3.2264377637177236e-03    1.2141465350781644e+02    1.1965695305823798e+00
3.0438417505028076e-01    3.2793399470662080e-03    1.2070880014658509e+02    1.1717080054806981e+00
3.0789762693639899e-01    3.3327380830413694e-03    1.1997892437298223e+02    1.1478197053029420e+00
3.1142259334578321e-01    3.3866436641372265e-03    1.1922444550365591e+02    1.1249073171410111e+00
3.1495867553338774e-01    3.4410681828477962e-03    1.1844519880745099e+02    1.1029798928869177e+00
3.1850542563674156e-01    3.4960231316670974e-03    1.1764049623519270e+02    1.0820527491090128e+00
3.2206234577032133e-01    3.5515200030891490e-03    1.1681018673686022e+02    1.0621415969924712e+00
3.2562889281228158e-01    3.6075702896079700e-03    1.1595394534266084e+02    1.0432633943586136e+00
3.2920448180949952e-01    3.6641854837175794e-03    1.1507188990538423e+02    1.0254357690131177e+00
3.3278848363646502e-01    3.7213770779119921e-03    1.1416373902612109e+02    1.0086871895933243e+00
3.3638023388125776e-01    3.7791565646852301e-03    1.1323008764379811e+02    9.9303001624159526e-01
3.3997570786439213e-01    3.8374813149219832e-03    1.1227143322419961e+02    9.7851518981916075e-01
3.4353348713656007e-01    3.8956930452680345e-03    1.1129935408072170e+02    9.6531219355818354e-01
3.4704555757620797e-01    3.9536636623042310e-03    1.1031717974104804e+02    9.5342700325591878e-01
3.5051717430300394e-01    4.0114818209591382e-03    1.0932448754344846e+02    9.4282751011369192e-01
3.5395344140913954e-01    4.0692361761613212e-03    1.0832100191911130e+02    9.3347827454585319e-01
3.5735930183745973e-01    4.1270153828393474e-03    1.0730595551094274e+02    9.2536439709768070e-01
3.6073953249567592e-01    4.1849080959217777e-03    1.0627892100867872e+02    9.1847068434812962e-01
3.6409873931080539e-01    4.2430029703371779e-03    1.0523907574849922e+02    9.1279160163697626e-01
3.6744135632654029e-01    4.3013886610141173e-03    1.0418612797912587e+02    9.0832385868767096e-01
3.7077164105900290e-01    4.3601538228811576e-03    1.0311917913705355e+02    9.0507817935580370e-01
3.7409366179082831e-01    4.4193871108668637e-03    1.0203759412886555e+02    9.0306551550034564e-01
3.7741130080715590e-01    4.4791771798998016e-03    1.0094079391795721e+02    9.0230572617012983e-01
3.8072824813420453e-01    4.5396126849085372e-03    9.9828094588130895e+01    9.0282293433085270e-01
3.8404798900753528e-01    4.6007822808216345e-03    9.8698614581122399e+01    9.0464869383766100e-01
3.8737380532658727e-01    4.6627746225676595e-03    9.7552006571332228e+01    9.0781701765311251e-01
3.9070877555935085e-01    4.7256783650751763e-03    9.6387687514100350e+01    9.1236819568172445e-01
3.9405576580144835e-01    4.7895821632727527e-03    9.5205229045324032e+01    9.1834485653098086e-01
3.9741742532921986e-01    4.8545746720889491e-03    9.4004081928589329e+01    9.2579774428457606e-01
4.0079617846663135e-01    4.9207445464523351e-03    9.2783846482758221e+01    9.3477915075089446e-01
4.0419423084360567e-01    4.9881804412914748e-03    9.1544524355550934e+01    9.4534154709295803e-01
4.0761356519164055e-01    5.0569710115349305e-03    9.0285853746601290e+01    9.5754499159571660e-01
4.1105593286897446e-01    5.1272049121112717e-03    8.9007797558457412e+01    9.7145014775886984e-01
4.1452285711351167e-01    5.1989707979490599e-03    8.7710455869381349e+01    9.8711945192540762e-01
4.1801562947635440e-01    5.2723573239768610e-03    8.6393974583224633e+01    1.0046200952400599e+00
4.2153531354652951e-01    5.3474531451232436e-03    8.5058840045378659e+01    1.0240147865773921e+00
4.2508274767064913e-01    5.4243469163167690e-03    8.3705515877975657e+01    1.0453715711549161e+00
4.2865854315033725e-01    5.5031272924860025e-03    8.2334618487253707e+01    1.0687580617721291e+00
4.3226308825291188e-01    5.5838829285595106e-03    8.0946946830615587e+01    1.0942404652619397e+00
4.3589656171021912e-01    5.6667024794658585e-03    7.9543710357039302e+01    1.1218789816747643e+00
4.3955893542105268e-01    5.7516746001336095e-03    7.8125869195159680e+01    1.1517410176102576e+00
4.4324997450095421e-01    5.8388879454913320e-03    7.6694701159866824e+01    1.1838868882655202e+00
4.4696925417072791e-01    5.9284311704675911e-03    7.5251680837890973e+01    1.2183722335809113e+00
4.5071616862429820e-01    6.0203929299909474e-03    7.3798389699491509e+01    1.2552499314757801e+00
4.5448994719302122e-01    6.1148618789899694e-03    7.2336688267653685e+01    1.2945620005963179e+00
4.5828978402096404e-01    6.2119297309287365e-03    7.0868319682078905e+01    1.3363479014383681e+00
4.6213370963761385e-01    6.3121886165523793e-03    6.9388065745755895e+01    1.3808613054140662e+00
4.6603142501080130e-01    6.4160535204899312e-03    6.7894022965916889e+01    1.4282821344935788e+00
4.6997750525672072e-01    6.5235552554876574e-03    6.6390255443991094e+01    1.4786117051367540e+00
4.7396662892117619e-01    6.6347246342918238e-03    6.4880884534031850e+01    1.5318206697348384e+00
4.7799361035341997e-01    6.7495924696486867e-03    6.3370011204506312e+01    1.5878539608661733e+00
4.8205343377136034e-01    6.8681895743045113e-03    6.1861791949976400e+01    1.6466189878830937e+00
4.8614128718703342e-01    6.9905467610055618e-03    6.0360319138422113e+01    1.7079917085041751e+00
4.9025259005993305e-01    7.1166948424980989e-03    5.8869569811750111e+01    1.7718019733098611e+00
4.9438301800641776e-01    7.2466646315283868e-03    5.7393382090172665e+01    1.8378422103352143e+00
4.9852852877893317e-01    7.3804869408426888e-03    5.5935495786865118e+01    1.9058501549413920e+00
5.0268538120304995e-01    7.5181925831872666e-03    5.4499369916710265e+01    1.9755212347682123e+00
5.0685014962458386e-01    7.6598123713083827e-03    5.3088304528970795e+01    2.0464944937893192e+00
5.1101974187962229e-01    7.8053771179523055e-03    5.1705376992927931e+01    2.1183536149941937e+00
5.1519140388447193e-01    7.9549176358652898e-03    5.0353315374358495e+01    2.1906362966061850e+00
5.1936272858710553e-01    8.1084647377935998e-03    4.9034702625082780e+01    2.2628175182887351e+00
5.2353165548133218e-01    8.2660492364835005e-03    4.7751659032598099e+01    2.3343386920142231e+00
5.2769646783366453e-01    8.4277019446812526e-03    4.6506172757805729e+01    2.4045838919751272e+00
5.3185579182807419e-01    8.5934536751331239e-03    4.5299814269422328e+01    2.4729097653073389e+00
5.3600858044008159e-01    8.7633352405853699e-03    4.4133865617907240e+01    2.5386478272194757e+00
5.4015410763623273e-01    8.9373774537842652e-03    4.3009364485437168e+01    2.6011056785636284e+00
5.4429195055351565e-01    9.1156111274760584e-03    4.1926953903158584e+01    2.6595996340169465e+00
5.4842197018024286e-01    9.2980670744070189e-03    4.0887042288028567e+01    2.7134550568845057e+00
5.5254429007502504e-01    9.4847761073234092e-03    3.9889685682414068e+01    2.7620291912505786e+00
5.5665927739052146e-01    9.6757690389714917e-03    3.8934790115379165e+01    2.8047148995659970e+00
5.6076751762680610e-01    9.8710766820975290e-03    3.8021858934160569e+01    2.8409817422464800e+00
5.6486978400022181e-01    1.0070729849447785e-02    3.7150255071480203e+01    2.8703625660533527e+00
5.6896702184069314e-01    1.0274759353768525e-02    3.6319150718811279e+01    2.8924787093501481e+00
5.7306031322614237e-01    1.0483196007806006e-02    3.5527386429730093e+01    2.9070610704069528e+00
5.7715084573759501e-01    1.0696070624306499e-02    3.4773702433368342e+01    2.9139382259239053e+00
5.8123989187590219e-01    1.0913414016016256e-02    3.4056683386673228e+01    2.9130555396904776e+00
5.8532877822318297e-01    1.1135256995681547e-02    3.3374748880738309e+01    2.9044688988228318e+00
5.8941886193315185e-01    1.1361630376048631e-02    3.2726259059877385e+01    2.8883399255995079e+00
5.9351150289509880e-01    1.1592564969863771e-02    3.2109402089214534e+01    2.8649351912707974e+00
5.9760803874763768e-01    1.1828091589873234e-02    3.1522368286974068e+01    2.8346158392325984e+00
6.0170976496980155e-01    1.2068241094131592e-02    3.0963246461069311e+01    2.7978221278024198e+00
6.0582119281464653e-01    1.2313241624969011e-02    3.0429705415156018e+01    2.7550257910628617e+00
6.0995200239890568e-01    1.2563656128325534e-02    2.9918794503806261e+01    2.7066720660640229e+00
6.1411094123511178e-01    1.2820030530813698e-02    2.9427916646622094e+01    2.6532170717238306e+00
6.1830615390740018e-01    1.3082910759046044e-02    2.8954605405821500e+01    2.5951358791942813e+00
6.2254520337281571e-01    1.3352842739635105e-02    2.8496579539094206e+01    2.5329071894598751e+00
6.2683508728249315e-01    1.3630372399193414e-02    2.8051655554400970e+01    2.4670246954804740e+00
6.3118224578759652e-01    1.3916045664333507e-02    2.7617793614701849e+01    2.3979903398773774e+00
6.3559256578173973e-01    1.4210408461667916e-02    2.7193028722206847e+01    2.3263009666875090e+00
6.4007137038920958e-01    1.4514006717809183e-02    2.6775440649346070e+01    2.2524594253032704e+00
6.4462340822736408e-01    1.4827386359369844e-02    2.6363208239419802e+01    2.1769648999930920e+00
6.4925283902175945e-01    1.5151093312962419e-02    2.5954551908485421e+01    2.1003024833192150e+00
6.5396320788198337e-01    1.5485673505199454e-02    2.5547726322903532e+01    2.0229445937121340e+00
6.5875741824328615e-01    1.5831672862693481e-02    2.5141050358516303e+01    1.9453440754763227e+00
6.6363770773137154e-01    1.6189637312057029e-02    2.4732929224606249e+01    1.8679277701221451e+00
6.6860561639213367e-01    1.6560112779902644e-02    2.4321795073548966e+01    1.7910985728593856e+00
6.7366194998905038e-01    1.6943645192842857e-02    2.3906160399231172e+01    1.7152190302055270e+00
6.7880675428322146e-01    1.7340780477490211e-02    2.3484664448367855e+01    1.6406273125127580e+00
6.8403929001002217e-01    1.7752064560457220e-02    2.3056042859119604e+01    1.5676273063408903e+00
6.8935800293068983e-01    1.8178043368356430e-02    2.2619138558884408e+01    1.4964740227972981e+00
6.9476050974256764e-01    1.8619262827800374e-02    2.2172986295015797e+01    1.4274063785363891e+00
7.0024358493488859e-01    1.9076268865401591e-02    2.1716732002768612e+01    1.3606161496737843e+00
7.0580315535855798e-01    1.9549607407772607e-02    2.1249749407716330e+01    1.2962687296213884e+00
7.1143431247684141e-01    2.0039824381525975e-02    2.0771594854437065e+01    1.2345077429505928e+00
7.1713132790587319e-01    2.0547465713274211e-02    2.0282044602150624e+01    1.1754469917806183e+00
7.2288768292893846e-01    2.1073077329629850e-02    1.9781086003613851e+01    1.1191896491159916e+00
7.2869611211301966e-01    2.1617205157205461e-02    1.9268956660885699e+01    1.0658202384519191e+00
7.3454866093064608e-01    2.2180395122613529e-02    1.8746116559966183e+01    1.0154201369852467e+00
7.4043675340874204e-01    2.2763193152466610e-02    1.8213264111164364e+01    9.6807030033896291e-01
7.4635127400058643e-01    2.3366145173377241e-02    1.7671316143968951e+01    9.2385330371052032e-01
7.5228265893577151e-01    2.3989797111957957e-02    1.7121402117052529e+01    8.8286318404483810e-01
7.5822099754412720e-01    2.4634694894821289e-02    1.6564838548999091e+01    8.4521462930728153e-01
7.6415613956721162e-01    2.5301384448579774e-02    1.6003107248113846e+01    8.1103319396353779e-01
7.7007780702720574e-01    2.5990411699845964e-02    1.5437826403561317e+01    7.8046966585100019e-01
7.7597571137647248e-01    2.6702322575232362e-02    1.4870728743175173e+01    7.5369038413266076e-01
7.8183966290745233e-01    2.7437663001351514e-02    1.4303595096011147e+01    7.3088051171187296e-01
7.8766327112946177e-01    2.8197456529892154e-02    1.3737929519042158e+01    7.1222386875231181e-01
7.9346796909943096e-01    2.8986626741706819e-02    1.3172530589008970e+01    6.9785330033122339e-01
7.9928216154006659e-01    2.9811828285118216e-02    1.2605523445118349e+01    6.8797669724877675e-01
8.0512727234419701e-01    3.0679709357730636e-02    1.2035769073724369e+01    6.8291195190200882e-01
8.1101798052211671e-01    3.1596918157148365e-02    1.1462843233690826e+01    6.8305488893871835e-01
8.1696245978442328e-01    3.2570102880975692e-02    1.0887047848413921e+01    6.8884473451740391e-01
8.2296270953561868e-01    3.3605911726816935e-02    1.0309379626630857e+01    7.0072552438112112e-01
8.2901499269936196e-01    3.4710992892276325e-02    9.7314778296406406e+00    7.1911017251350184e-01
8.3511038965178963e-01    3.5891994574958182e-02    9.1555338829306905e+00    7.4434135620518460e-01
8.4123547374654639e-01    3.7155564972466776e-02    8.5842012873635181e+00    7.7667734725045945e-01
8.4737309216194512e-01    3.8508352282406427e-02    8.0204474146273768e+00    8.1627287878419519e-01
8.5350322685096247e-01    3.9957004702381393e-02    7.4674279633410752e+00    8.6317765769359844e-01
8.5960390827326760e-01    4.1508170429995980e-02    6.9283250691551945e+00    9.1734483350040397e-01
8.6565213047448752e-01    4.3168497662854514e-02    6.4062041804180589e+00    9.7863077758205252e-01
8.7162473808860441e-01    4.4944634598561198e-02    5.9038875765303640e+00    1.0468068103768371e+00
8.7749923655349882e-01    4.6843229434720364e-02    5.4238329624270776e+00    1.1215609177594483e+00
8.8325448820631780e-01    4.8870930368936284e-02    4.9680545653671215e+00    1.2025044500495590e+00
8.8887128484189881e-01    5.1034385598813278e-02    4.5380804337873775e+00    1.2891623964808678e+00
8.9433277015949719e-01    5.3340243321955604e-02    4.1349175147239983e+00    1.3809914723055836e+00
8.9962470536329897e-01    5.5795151735967566e-02    3.7590673154593728e+00    1.4773699048326088e+00
9.0473560571438483e-01    5.8405759038453443e-02    3.4105654155208227e+00    1.5776113862262355e+00
9.0965674795734708e-01    6.1178713427017528e-02    3.0890211771910328e+00    1.6809758845389078e+00
9.1438206386508314e-01    6.4120663099264202e-02    2.7936850906057833e+00    1.7866812697842869e+00
9.1890797344700803e-01    6.7238256252797585e-02    2.5235301147745530e+00    1.8939145981736885e+00
9.2323314414440116e-01    7.0538141085222036e-02    2.2772929949003342e+00    2.0018756259267723e+00
9.2735821585357825e-01    7.4026965794141836e-02    2.0535703058287655e+00    2.1097652356059537e+00
9.3128553025319361e-01    7.7711378577161302e-02    1.8508601623708081e+00    2.2168262198502457e+00
9.3501884076859065e-01    8.1598027631884701e-02    1.6676179161272580e+00    2.3223570940028524e+00
9.3856304432590465e-01    8.5693561155916309e-02    1.5022977530240771e+00    2.4257273494891183e+00
9.4192393153749643e-01    9.0004627346860572e-02    1.3533866026295585e+00    2.5263901482783067e+00
9.4510796400246277e-01    9.4537874402321517e-02    1.2194284094747876e+00    2.6238928645883082e+00
9.4812207485850597e-01    9.9299950519903549e-02    1.0990404409610524e+00    2.7178856560445661e+00
9.5097350458472463e-01    1.0429750389721096e-01    9.9092959692485827e-01    2.8081143323759661e+00
9.5366965779487856e-01    1.0953718273184804e-01    8.9389029833445965e-01    2.8944389029215905e+00
9.5621798337829644e-01    1.1502563522141906e-01    8.0681586500090818e-01    2.9768110081336574e+00
9.5862589169364465e-01    1.2076950956352833e-01    7.2869191217033724e-01    3.0552922939550586e+00
9.6303934822789505e-01    1.3301917258983426e-01    5.9597834622804724e-01    3.2009532490093195e+00
9.7038122875425348e-01    1.6036013718836148e-01    4.0514106592795074e-01    3.4550066878988650e+00
9.7756040953059120e-01    2.0127552438640917e-01    2.5457478979054488e-01    3.7691038652438333e+00
9.8336636257603716e-01    2.5414250400515476e-01    1.5868580011341210e-01    4.2808532552911158e+00
9.8774920209754669e-01    3.1733824586577913e-01    1.0150659980913367e-01    5.3858722995232906e+00
9.9100156855924937e-01    3.8923991978946221e-01    6.7496152567300585e-02    7.6709564877007210e+00
9.9342759035307093e-01    4.6822469559738389e-01    4.6805550018387022e-02    1.1686809656704856e+01
9.9526371239274880e-01    5.5266974311072403e-01    3.3830362125611892e-02    1.7813455287663512e+01
9.9667875128483230e-01    6.4095223215066255e-01    2.5441799754776773e-02    2.6187876337619752e+01
9.9779020248527373e-01    7.3144933253838174e-01    1.9868565402644731e-02    3.6572926994435953e+01
9.9867948987800015e-01    8.2253821409505656e-01    1.6080373170378807e-02    4.8263779903463011e+01
9.9940300765782675e-01    9.1259604664186955e-01    1.3458092319508404e-02    6.0166684380772764e+01
1.0000000000000000e+00    1.0000000000000002e+00    1.1617271232018221e-02    7.1076680518006867e+01
