# s, \Delta(s)
0.0000000000000000e+00    8.2647581997008501e-04
3.5769400821989354e-06    8.2560262922726224e-04
7.1538801643978707e-06    8.2473615599099048e-04
1.0730820246596806e-05    8.2387634993352776e-04
1.4307760328795741e-05    8.2302314994109338e-04
1.8043571287080267e-05    8.2213904216388300e-04
2.1779382245364795e-05    8.2126200594245802e-04
2.5515193203649323e-05    8.2039197415895160e-04
2.9251004161933851e-05    8.1952888005787372e-04
3.3142600193540716e-05    8.1863708688700854e-04
3.7034196225147586e-05    8.1775268689199265e-04
4.0925792256754455e-05    8.1687559627141582e-04
4.4817388288361318e-05    8.1600574272044923e-04
4.8861683590527275e-05    8.1510934975881355e-04
5.2905978892693225e-05    8.1422061668945389e-04
5.6950274194859175e-05    8.1333946533135304e-04
6.0994569497025133e-05    8.1246581826377451e-04
6.5188478266986927e-05    8.1156769585533084e-04
6.9382387036948708e-05    8.1067747685636959e-04
7.3576295806910503e-05    8.0979507797707129e-04
7.7770204576872297e-05    8.0892041715685536e-04
8.2110641011866672e-05    8.0802325852147305e-04
8.6451077446861047e-05    8.0713421248646000e-04
9.0791513881855436e-05    8.0625319076688129e-04
9.5131950316849811e-05    8.0538010683284256e-04
9.9615828614113523e-05    8.0448641433150669e-04
1.0409970691137722e-04    8.0360100860588091e-04
1.0858358520864093e-04    8.0272379735646382e-04
1.1306746350590464e-04    8.0185469027327372e-04
1.1769169786267444e-04    8.0096677221064283e-04
1.2231593221944423e-04    8.0008728147618058e-04
1.2694016657621401e-04    7.9921612249478358e-04
1.3156440093298381e-04    7.9835320113375019e-04
1.3632590554649642e-04    7.9747317401057671e-04
1.4108741016000906e-04    7.9660168201201031e-04
1.4584891477352168e-04    7.9573862657156269e-04
1.5061041938703429e-04    7.9488391021698135e-04
1.5550610845452650e-04    7.9401370157938800e-04
1.6040179752201871e-04    7.9315210327024488e-04
1.6529748658951088e-04    7.9229901614752407e-04
1.7019317565700309e-04    7.9145433848282210e-04
1.7521996337571162e-04    7.9059568959394255e-04
1.8024675109442017e-04    7.8974569959910923e-04
1.8527353881312870e-04    7.8890426290456617e-04
1.9030032653183723e-04    7.8807127879798600e-04
1.9545512709899884e-04    7.8722575427292441e-04
2.0060992766616044e-04    7.8638890530413619e-04
2.0576472823332205e-04    7.8556062852186415e-04
2.1091952880048366e-04    7.8474081712442967e-04
2.1619925641333510e-04    7.8390981126830184e-04
2.2147898402618651e-04    7.8308746968502874e-04
2.2675871163903793e-04    7.8227369159833415e-04
2.3203843925188937e-04    7.8146837045522943e-04
2.3744000810766737e-04    7.8065310867714288e-04
2.4284157696344541e-04    7.7984648408602197e-04
2.4824314581922344e-04    7.7904838647668839e-04
2.5364471467500144e-04    7.7825871323256024e-04
2.5916503897094274e-04    7.7746027454139721e-04
2.6468536326688409e-04    7.7667041691853456e-04
2.7020568756282539e-04    7.7588903335623627e-04
2.7572601185876669e-04    7.7511601902813254e-04
2.8136200579210807e-04    7.7433533337512017e-04
2.8699799972544950e-04    7.7356315510002105e-04
2.9263399365879092e-04    7.7279937686114408e-04
2.9826998759213230e-04    7.7204389451424049e-04
3.0401856536011054e-04    7.7128175867358095e-04
3.0976714312808877e-04    7.7052803900556910e-04
3.1551572089606695e-04    7.6978262715954315e-04
3.2126429866404519e-04    7.6904542109446083e-04
3.2712237446389696e-04    7.6830250778670006e-04
3.3298045026374873e-04    7.6756790198828639e-04
3.3883852606360050e-04    7.6684149932049195e-04
3.4469660186345227e-04    7.6612319607249901e-04
3.5066108989241436e-04    7.6540006224945500e-04
3.5662557792137651e-04    7.6468511496585734e-04
3.6259006595033860e-04    7.6397825112195505e-04
3.6855455397930069e-04    7.6327936882591985e-04
3.7158846120695528e-04    7.6292690476265079e-04
3.7462236843460988e-04    7.6257646701094473e-04
3.7765627566226448e-04    7.6222804269576727e-04
3.8069018288991902e-04    7.6188161924051201e-04
3.8372409011757356e-04    7.6153718380567170e-04
3.8675799734522816e-04    7.6119472401359189e-04
3.8979190457288275e-04    7.6085422745109099e-04
3.9282581180053735e-04    7.6051568166946026e-04
3.9590983933998386e-04    7.6017353021740064e-04
3.9899386687943032e-04    7.5983336913054700e-04
4.0207789441887678e-04    7.5949518611651001e-04
4.0516192195832329e-04    7.5915896821499018e-04
4.0824594949776980e-04    7.5882470373755950e-04
4.1132997703721631e-04    7.5849238017156040e-04
4.1441400457666283e-04    7.5816198558698034e-04
4.1749803211610928e-04    7.5783350713720665e-04
4.2063063706596602e-04    7.5750180464240202e-04
4.2376324201582282e-04    7.5717205491798723e-04
4.2689584696567955e-04    7.5684424575683806e-04
4.3002845191553629e-04    7.5651836480261636e-04
4.3316105686539309e-04    7.5619439998320104e-04
4.3629366181524982e-04    7.5587233914120588e-04
4.3942626676510656e-04    7.5555217111400452e-04
4.4255887171496336e-04    7.5523388333209596e-04
4.4573851117384879e-04    7.5491272782812757e-04
4.4891815063273423e-04    7.5459348759920886e-04
4.5209779009161967e-04    7.5427614483913885e-04
4.5527742955050511e-04    7.5396069375699426e-04
4.5845706900939055e-04    7.5364711998560097e-04
4.6163670846827593e-04    7.5333541266076054e-04
4.6481634792716137e-04    7.5302555966771934e-04
4.6799598738604681e-04    7.5271754938910362e-04
4.7122111845257925e-04    7.5240700394374471e-04
4.7444624951911170e-04    7.5209833108402790e-04
4.7767138058564420e-04    7.5179151950521828e-04
4.8089651165217665e-04    7.5148655747625526e-04
4.8412164271870910e-04    7.5118343357161166e-04
4.8734677378524155e-04    7.5088213650076341e-04
4.9057190485177400e-04    7.5058265501581900e-04
4.9379703591830644e-04    7.5028497797546834e-04
4.9706611569110427e-04    7.4998507479762111e-04
5.0033519546390220e-04    7.4968700307920244e-04
5.0360427523670002e-04    7.4939075116020604e-04
5.0687335500949784e-04    7.4909630814801176e-04
5.1014243478229567e-04    7.4880366300789092e-04
5.1341151455509349e-04    7.4851280456300628e-04
5.1668059432789142e-04    7.4822372210547883e-04
5.1994967410068924e-04    7.4793640484216439e-04
5.2326115967837091e-04    7.4764714931774279e-04
5.2657264525605247e-04    7.4735968302519495e-04
5.2988413083373414e-04    7.4707399513584960e-04
5.3319561641141581e-04    7.4679007485656257e-04
5.3650710198909738e-04    7.4650791158603624e-04
5.3981858756677905e-04    7.4622749458796989e-04
5.4313007314446072e-04    7.4594881329659302e-04
5.4644155872214228e-04    7.4567185755824994e-04
5.4979390720332605e-04    7.4539323081523889e-04
5.5314625568450983e-04    7.4511635145313448e-04
5.5649860416569371e-04    7.4484120860063285e-04
5.5985095264687748e-04    7.4456779185538835e-04
5.6320330112806126e-04    7.4429609103532357e-04
5.6655564960924514e-04    7.4402609577362000e-04
5.6990799809042891e-04    7.4375779596635994e-04
5.7326034657161269e-04    7.4349118164462880e-04
5.7665201505491693e-04    7.4322314512187404e-04
5.8004368353822128e-04    7.4295681350378118e-04
5.8343535202152563e-04    7.4269217657274567e-04
5.8682702050482987e-04    7.4242922441669634e-04
5.9021868898813412e-04    7.4216794681802867e-04
5.9361035747143847e-04    7.4190833434784054e-04
5.9700202595474282e-04    7.4165037694484681e-04
6.0039369443804706e-04    7.4139406511619654e-04
6.0382314002209024e-04    7.4113656184948695e-04
6.0725258560613343e-04    7.4088072130251703e-04
6.1068203119017672e-04    7.4062653386874899e-04
6.1411147677421991e-04    7.4037398990611791e-04
6.1754092235826309e-04    7.4012307995729998e-04
6.2097036794230638e-04    7.3987379442996826e-04
6.2782925911039275e-04    7.3938005950680008e-04
6.3129493889379324e-04    7.3913301724815028e-04
6.3476061867719373e-04    7.3888759607143584e-04
6.4169197824399471e-04    7.3840158034244041e-04
6.4862333781079569e-04    7.3792193891364377e-04
6.5555469737759667e-04    7.3744859967206366e-04
6.6255543954034900e-04    7.3697684720741563e-04
6.6955618170310132e-04    7.3651138007591044e-04
6.7655692386585364e-04    7.3605212784855212e-04
6.8355766602860597e-04    7.3559902168085500e-04
6.9062470498454625e-04    7.3514778923566837e-04
6.9769174394048654e-04    7.3470268250019899e-04
7.0475878289642682e-04    7.3426363416473350e-04
7.1182582185236711e-04    7.3383057854670142e-04
7.1657932181661054e-04    7.3354263118119434e-04
7.2133282178085396e-04    7.3325734640405926e-04
7.2608632174509728e-04    7.3297470507327489e-04
7.3083982170934071e-04    7.3269468843051300e-04
7.3559332167358413e-04    7.3241727761796938e-04
7.4034682163782756e-04    7.3214245447417170e-04
7.4514040506051208e-04    7.3186791568957688e-04
7.4993398848319649e-04    7.3159597128835685e-04
7.5472757190588090e-04    7.3132660305219588e-04
7.5952115532856531e-04    7.3105979300436275e-04
7.6431473875124972e-04    7.3079552334576192e-04
7.6910832217393424e-04    7.3053377647624984e-04
7.7395330073536149e-04    7.3027176915019254e-04
7.7879827929678864e-04    7.3001230374103443e-04
7.8364325785821578e-04    7.2975536276231878e-04
7.8848823641964293e-04    7.2950092897627883e-04
7.9333321498107007e-04    7.2924898539383776e-04
7.9817819354249732e-04    7.2899951507565675e-04
8.0317127705513240e-04    7.2874498895458828e-04
8.0816436056776737e-04    7.2849305425393140e-04
8.1315744408040234e-04    7.2824369295432234e-04
8.1815052759303731e-04    7.2799688788194317e-04
8.2314361110567228e-04    7.2775262150770459e-04
8.2813669461830736e-04    7.2751087671463210e-04
8.3329292617961306e-04    7.2726386188293191e-04
8.3844915774091864e-04    7.2701949980569225e-04
8.4360538930222423e-04    7.2677777250618192e-04
8.4876162086352993e-04    7.2653866224214880e-04
8.5391785242483562e-04    7.2630215131397335e-04
8.5907408398614121e-04    7.2606822229914769e-04
8.6438785741294586e-04    7.2582982921431949e-04
8.6970163083975041e-04    7.2559414152095769e-04
8.7501540426655506e-04    7.2536114142707220e-04
8.8032917769335971e-04    7.2513080922931294e-04
8.8564295112016425e-04    7.2490312876993812e-04
8.9095672454696890e-04    7.2467808194431882e-04
8.9642243365610085e-04    7.2444932973070308e-04
9.0188814276523268e-04    7.2422332692667624e-04
9.0735385187436452e-04    7.2400005509365428e-04
9.1281956098349635e-04    7.2377949609148118e-04
9.2375097920176013e-04    7.2334644537619397e-04
9.3497505641833506e-04    7.2291287041537089e-04
9.4619913363490999e-04    7.2249036508509334e-04
9.5742321085148492e-04    7.2207878513808055e-04
9.6892873470002768e-04    7.2166807883178308e-04
9.8043425854857044e-04    7.2126855854293126e-04
9.9193978239711308e-04    7.2088008312931606e-04
1.0037155405112803e-03    7.2049377556737682e-04
1.0154912986254476e-03    7.2011874761557237e-04
1.0272670567396149e-03    7.1975485870012790e-04
1.0393018367530634e-03    7.1939433333056968e-04
1.0513366167665117e-03    7.1904515839804617e-04
1.0633713967799603e-03    7.1870719617095347e-04
1.0756539863263463e-03    7.1837369742411283e-04
1.0879365758727324e-03    7.1805160041549243e-04
1.1002191654191184e-03    7.1774077106567802e-04
1.1127383521320989e-03    7.1743541408864075e-04
1.1252575388450794e-03    7.1714149407142713e-04
1.1377767255580599e-03    7.1685888023864663e-04
1.1505212970712914e-03    7.1658265764540374e-04
1.1632658685845232e-03    7.1631789084136699e-04
1.1760104400977548e-03    7.1606445442995437e-04
1.1889691840448941e-03    7.1581824722244392e-04
1.2019279279920337e-03    7.1558350187927999e-04
1.2148866719391730e-03    7.1536009765083008e-04
1.2280483759538766e-03    7.1514467646949242e-04
1.2412100799685803e-03    7.1494071439559548e-04
1.2543717839832839e-03    7.1474809401195216e-04
1.2677252356992086e-03    7.1456414016779490e-04
1.2810786874151332e-03    7.1439162880437834e-04
1.2944321391310579e-03    7.1423044920493339e-04
1.3079661261818603e-03    7.1407853695859558e-04
1.3215001132326628e-03    7.1393804433483865e-04
1.3350341002834653e-03    7.1380886416960720e-04
1.3487374103028020e-03    7.1368948756145301e-04
1.3624407203221384e-03    7.1358149777722701e-04
1.3761440303414751e-03    7.1348479466593062e-04
1.3900054509630028e-03    7.1339835811556895e-04
1.4038668715845302e-03    7.1332326871242913e-04
1.4177282922060578e-03    7.1325943398647951e-04
1.4317366110634328e-03    7.1320626054927061e-04
1.4457449299208080e-03    7.1316439100854723e-04
1.4597532487781830e-03    7.1313373574355410e-04
1.4738972535050623e-03    7.1311407016594330e-04
1.4880412582319417e-03    7.1310565873972109e-04
1.5021852629588210e-03    7.1310841968852401e-04
1.5128866216313514e-03    7.1311787579020347e-04
1.5235879803038818e-03    7.1313364180269900e-04
1.5342893389764121e-03    7.1315568704477528e-04
1.5449906976489425e-03    7.1318396962283259e-04
1.5557770021740857e-03    7.1321876549745866e-04
1.5665633066992289e-03    7.1325984552572663e-04
1.5773496112243724e-03    7.1330714716566490e-04
1.5881359157495156e-03    7.1336066403659970e-04
1.5989987568525146e-03    7.1342082297576326e-04
1.6098615979555134e-03    7.1348719033181851e-04
1.6207244390585122e-03    7.1355977843268192e-04
1.6315872801615113e-03    7.1363854230099832e-04
1.6425182485676083e-03    7.1372400390856683e-04
1.6534492169737055e-03    7.1381565914663270e-04
1.6643801853798027e-03    7.1391348087246342e-04
1.6753111537858999e-03    7.1401744151700086e-04
1.6863018402203376e-03    7.1412813026228150e-04
1.6972925266547753e-03    7.1424496539407301e-04
1.7082832130892131e-03    7.1436792328682941e-04
1.7192738995236508e-03    7.1449697779257804e-04
1.7303158947116716e-03    7.1463274734639981e-04
1.7413578898996924e-03    7.1477461666091813e-04
1.7523998850877132e-03    7.1492256473248972e-04
1.7634418802757340e-03    7.1507655848535023e-04
1.7745267749425804e-03    7.1523721522481765e-04
1.7856116696094266e-03    7.1540391881086407e-04
1.7966965642762728e-03    7.1557664404764409e-04
1.8077814589431192e-03    7.1575537420898172e-04
1.8189008438140337e-03    7.1594066434244041e-04
1.8300202286849481e-03    7.1613195066788649e-04
1.8411396135558625e-03    7.1632920305120251e-04
1.8522589984267769e-03    7.1653240442515198e-04
1.8634044642270018e-03    7.1674203010019255e-04
1.8745499300272268e-03    7.1695758884970928e-04
1.8856953958274517e-03    7.1717906530466280e-04
1.8968408616276769e-03    7.1740642659534615e-04
1.9080039990824547e-03    7.1764002580465558e-04
1.9191671365372325e-03    7.1787950675172851e-04
1.9303302739920104e-03    7.1812483015065709e-04
1.9414934114467882e-03    7.1837597765522787e-04
1.9526658112813617e-03    7.1863316588860471e-04
1.9638382111159354e-03    7.1889613587927670e-04
1.9750106109505091e-03    7.1916489757484214e-04
1.9861830107850823e-03    7.1943942413099649e-04
1.9973562637246936e-03    7.1971971458850703e-04
2.0085295166643053e-03    7.2000573455710537e-04
2.0197027696039166e-03    7.2029746805668537e-04
2.0308760225435278e-03    7.2059489180986702e-04
2.0420417193134201e-03    7.2089778399231363e-04
2.0532074160833124e-03    7.2120632715666488e-04
2.0643731128532046e-03    7.2152050541518520e-04
2.0755388096230965e-03    7.2184030187116832e-04
2.0866885409485114e-03    7.2216523069101868e-04
2.0978382722739259e-03    7.2249572936300410e-04
2.1089880035993405e-03    7.2283177754428607e-04
2.1201377349247554e-03    7.2317336810101551e-04
2.1350268021854734e-03    7.2363812774511871e-04
2.1499158694461918e-03    7.2411269928096544e-04
2.1648049367069097e-03    7.2459705453553624e-04
2.1797712122229983e-03    7.2509373076456995e-04
2.1947374877390870e-03    7.2560021492051874e-04
2.2097037632551756e-03    7.2611647332365692e-04
2.2247510780240209e-03    7.2664534324928809e-04
2.2397983927928667e-03    7.2718401518301334e-04
2.2548457075617120e-03    7.2773246714064044e-04
2.2699778924146537e-03    7.2829383267958292e-04
2.2851100772675959e-03    7.2886501266111736e-04
2.3002422621205376e-03    7.2944598439761421e-04
2.3154631478889153e-03    7.3004019919409302e-04
2.3306840336572931e-03    7.3064424667990124e-04
2.3459049194256708e-03    7.3125809448271184e-04
2.3612183369408242e-03    7.3188553168535009e-04
2.3765317544559772e-03    7.3252282194147256e-04
2.3918451719711306e-03    7.3316993358929494e-04
2.4072549520643988e-03    7.3383099982748945e-04
2.4226647321576671e-03    7.3450194611268671e-04
2.4380745122509354e-03    7.3518275008410683e-04
2.4535844857536578e-03    7.3587787894524581e-04
2.4690944592563801e-03    7.3658293026568344e-04
2.4846044327591025e-03    7.3729784468667958e-04
2.5002184305026190e-03    7.3802751104068420e-04
2.5158324282461351e-03    7.3876713589271503e-04
2.5314464259896517e-03    7.3951665661553534e-04
2.5471682788053012e-03    7.4028136027237679e-04
2.5628901316209511e-03    7.4105603375329565e-04
2.5786119844366006e-03    7.4184067285898436e-04
2.5944455231557231e-03    7.4264091608000626e-04
2.6102790618748452e-03    7.4345119573138163e-04
2.6261126005939677e-03    7.4427146788735854e-04
2.6420616560479024e-03    7.4510780631698026e-04
2.6580107115018368e-03    7.4595422645273857e-04
2.6739597669557715e-03    7.4681069278170753e-04
2.6900281699758582e-03    7.4768369798050571e-04
2.7060965729959444e-03    7.4856683599477947e-04
2.7221649760160310e-03    7.4946007281795346e-04
2.7383565574336088e-03    7.5037033833069700e-04
2.7545481388511865e-03    7.5129079363733808e-04
2.7707397202687643e-03    7.5222139938802002e-04
2.7870583109151728e-03    7.5316954627169252e-04
2.8033769015615817e-03    7.5412793778895093e-04
2.8196954922079902e-03    7.5509654062955178e-04
2.8361449229145686e-03    7.5608320759101844e-04
2.8525943536211471e-03    7.5708018015774314e-04
2.8690437843277255e-03    7.5808742239757976e-04
2.8856278859258140e-03    7.5911327186162225e-04
2.9022119875239021e-03    7.6014948879077338e-04
2.9187960891219906e-03    7.6119603735236296e-04
2.9355186924429283e-03    7.6226175126237194e-04
2.9522412957638656e-03    7.6333789659344120e-04
2.9689638990848034e-03    7.6442443740631916e-04
2.9858288349599296e-03    7.6553071691876085e-04
3.0026937708350558e-03    7.6664749425958689e-04
3.0195587067101820e-03    7.6777473209688196e-04
3.0365698059708359e-03    7.6892229734681905e-04
3.0535809052314902e-03    7.7008042846671287e-04
3.0705920044921441e-03    7.7124908658987579e-04
3.0877530979696662e-03    7.7243867592358129e-04
3.1049141914471878e-03    7.7363889971593380e-04
3.1220752849247099e-03    7.7484971833285954e-04
3.1393902034504389e-03    7.7608208709989412e-04
3.1567051219761675e-03    7.7732515995165841e-04
3.1740200405018966e-03    7.7857889622379162e-04
3.1914926149071723e-03    7.7985481565434611e-04
3.2089651893124479e-03    7.8114151872910043e-04
3.2264377637177236e-03    7.8243894574114847e-04
3.2440718248338851e-03    7.8375920290341128e-04
3.2617058859500466e-03    7.8509029601292468e-04
3.2793399470662080e-03    7.8643220119545276e-04
3.2926894810599984e-03    7.8745523589418553e-04
3.3060390150537887e-03    7.8848439051171226e-04
3.3193885490475790e-03    7.8951968905016656e-04
3.3327380830413694e-03    7.9056109577635425e-04
3.3462144783153337e-03    7.9161857323839513e-04
3.3596908735892979e-03    7.9268224138218102e-04
3.3731672688632622e-03    7.9375207496923395e-04
3.3866436641372265e-03    7.9482805688257940e-04
3.4002497938148690e-03    7.9592061630506805e-04
3.4138559234925111e-03    7.9701940321541542e-04
3.4274620531701537e-03    7.9812439754789466e-04
3.4410681828477962e-03    7.9923557922967348e-04
3.4548069200526213e-03    8.0036384847659292e-04
3.4685456572574468e-03    8.0149838473886348e-04
3.4822843944622723e-03    8.0263916769496291e-04
3.4960231316670974e-03    8.0378617668230845e-04
3.5098973495226102e-03    8.0495079742348707e-04
3.5237715673781230e-03    8.0612172040162022e-04
3.5376457852336358e-03    8.0729892797393177e-04
3.5515200030891490e-03    8.0848240158815088e-04
3.5655325747188543e-03    8.0968401361758424e-04
3.5795451463485595e-03    8.1089197355765918e-04
3.5935577179782648e-03    8.1210625541672243e-04
3.6075702896079700e-03    8.1332683777901593e-04
3.6217240881353720e-03    8.1456609950691927e-04
3.6358778866627745e-03    8.1581174088540820e-04
3.6500316851901769e-03    8.1706374881918009e-04
3.6641854837175794e-03    8.1832209262699962e-04
3.6832493484490504e-03    8.2002694764327089e-04
3.7023132131805210e-03    8.2174320280614666e-04
3.7213770779119921e-03    8.2347080641653747e-04
3.7406369068364049e-03    8.2522763405279420e-04
3.7598967357608173e-03    8.2699593243518166e-04
3.7791565646852301e-03    8.2877564071992538e-04
3.7985981480974811e-03    8.3058365627408648e-04
3.8180397315097322e-03    8.3240318059552010e-04
3.8374813149219832e-03    8.3423415790662148e-04
3.8568852250373338e-03    8.3607294610033023e-04
3.8762891351526840e-03    8.3792302407914576e-04
3.8956930452680345e-03    8.3978433470122127e-04
3.9246783537861332e-03    8.4258552705307466e-04
3.9536636623042310e-03    8.4541145410810259e-04
3.9825727416316851e-03    8.4825439728319907e-04
4.0114818209591382e-03    8.5112156358491120e-04
4.0403589985602301e-03    8.5400955372705312e-04
4.0692361761613212e-03    8.5692133150416794e-04
4.0981257795003343e-03    8.5985797320375923e-04
4.1270153828393474e-03    8.6281804274790375e-04
4.1559617393805625e-03    8.6580723117890557e-04
4.1849080959217777e-03    8.6881955437689840e-04
4.2139555331294782e-03    8.7186547044382223e-04
4.2430029703371779e-03    8.7493429953156010e-04
4.2721958156756480e-03    8.7804138879477023e-04
4.3013886610141173e-03    8.8117124268194402e-04
4.3307712419476379e-03    8.8434422927008427e-04
4.3601538228811576e-03    8.8753988686107732e-04
4.3897704668740111e-03    8.9078374625728429e-04
4.4193871108668637e-03    8.9405024445454728e-04
4.4492821453833327e-03    8.9737020604019335e-04
4.4791771798998016e-03    9.0071283330672713e-04
4.5093949324041694e-03    9.0411436694637359e-04
4.5396126849085372e-03    9.0753865319470606e-04
4.5701974828650863e-03    9.1102747997240385e-04
4.6007822808216345e-03    9.1453919054629296e-04
4.6317784516946466e-03    9.1812126460411037e-04
4.6627746225676595e-03    9.2172640702870012e-04
4.6942264938214179e-03    9.2540791258244326e-04
4.7256783650751763e-03    9.2911272213314078e-04
4.7576302641739645e-03    9.3290006784485513e-04
4.7895821632727527e-03    9.3671100606229629e-04
4.8220784176808505e-03    9.4061083278518254e-04
4.8545746720889491e-03    9.4453458348198183e-04
4.8876596092706417e-03    9.4855375341040826e-04
4.9207445464523351e-03    9.5259723768492677e-04
4.9544624938719049e-03    9.5674282957958212e-04
4.9881804412914748e-03    9.6091316297020057e-04
5.0225757264132026e-03    9.6519248597104479e-04
5.0569710115349305e-03    9.6949698692583297e-04
5.0920879618231007e-03    9.7391753944719994e-04
5.1272049121112717e-03    9.7836380251692390e-04
5.1630878550301658e-03    9.8293331542009810e-04
5.1989707979490599e-03    9.8752908846932996e-04
5.2356640609629605e-03    9.9225549826087445e-04
5.2723573239768610e-03    9.9700875456676386e-04
5.3099052345500523e-03    1.0019001986378839e-03
5.3474531451232436e-03    1.0068191193326470e-03
5.3859000307200063e-03    1.0118839489834386e-03
5.4243469163167690e-03    1.0169769119698913e-03
5.4637371044013857e-03    1.0222236646626470e-03
5.5031272924860025e-03    1.0274992547110173e-03
5.5435051105227565e-03    1.0329366854833211e-03
5.5838829285595106e-03    1.0384036798356533e-03
5.6252927040126846e-03    1.0440407233289761e-03
5.6667024794658585e-03    1.0497080952021065e-03
5.7091885397997340e-03    1.0555538888112892e-03
5.7516746001336095e-03    1.0614308023164654e-03
5.7952812728124707e-03    1.0674946707069921e-03
5.8388879454913320e-03    1.0735904779437533e-03
5.8836595579794615e-03    1.0798819278434735e-03
5.9284311704675911e-03    1.0862061745697815e-03
5.9744120502292688e-03    1.0927348929357095e-03
6.0203929299909474e-03    1.0992972830905501e-03
6.0676274044904584e-03    1.1060731617860142e-03
6.1148618789899694e-03    1.1128836018627908e-03
6.1633958049593530e-03    1.1199169056155256e-03
6.2119297309287365e-03    1.1269856936593214e-03
6.2620591737405579e-03    1.1343235964105247e-03
6.3121886165523793e-03    1.1416982978005308e-03
6.3641210685211553e-03    1.1493765008196988e-03
6.4160535204899312e-03    1.1570930693807213e-03
6.4698043879887947e-03    1.1651196544448794e-03
6.5235552554876574e-03    1.1731861493231577e-03
6.5791399448897406e-03    1.1815691973779963e-03
6.6347246342918238e-03    1.1899936672890021e-03
6.6921585519702552e-03    1.1987412559051336e-03
6.7495924696486867e-03    1.2075317436028854e-03
6.8088910219765986e-03    1.2166519477503357e-03
6.8681895743045113e-03    1.2258165003373733e-03
6.9293681676550365e-03    1.2353173690584640e-03
6.9905467610055618e-03    1.2448640042421744e-03
7.0536208017518299e-03    1.2547535868350224e-03
7.1166948424980989e-03    1.2646903198358928e-03
7.1816797370132428e-03    1.2749766369068993e-03
7.2466646315283868e-03    1.2853114686208755e-03
7.3135757861855378e-03    1.2960025457360302e-03
7.3804869408426888e-03    1.3067434722486837e-03
7.4493397620149782e-03    1.3178473183188544e-03
7.5181925831872666e-03    1.3290023294487696e-03
7.5890024772478247e-03    1.3405269547277499e-03
7.6598123713083827e-03    1.3521040441872856e-03
7.7325947446303441e-03    1.3640574638955627e-03
7.8053771179523055e-03    1.3760646330638338e-03
7.8427622474305514e-03    1.3822528230775788e-03
7.8801473769087981e-03    1.3884548740392688e-03
7.9175325063870448e-03    1.3946706816838628e-03
7.9549176358652898e-03    1.4009001437358393e-03
7.9933044113473673e-03    1.4073106082079789e-03
8.0316911868294448e-03    1.4137352541538917e-03
8.0700779623115223e-03    1.4201739756245502e-03
8.1084647377935998e-03    1.4266266676088435e-03
8.1478608624660741e-03    1.4332634462306260e-03
8.1872569871385501e-03    1.4399147259638312e-03
8.2266531118110262e-03    1.4465803991612347e-03
8.2660492364835005e-03    1.4532603617709583e-03
8.3064624135329376e-03    1.4601275149530579e-03
8.3468755905823765e-03    1.4670094877615725e-03
8.3872887676318154e-03    1.4739061745814297e-03
8.4277019446812526e-03    1.4808174717160227e-03
8.4691398772942204e-03    1.4879190800627384e-03
8.5105778099071883e-03    1.4950358323062574e-03
8.5520157425201561e-03    1.5021676205435597e-03
8.5934536751331239e-03    1.5093143422646449e-03
8.6359240664961850e-03    1.5166545185678615e-03
8.6783944578592460e-03    1.5240101656175398e-03
8.7208648492223088e-03    1.5313811765693686e-03
8.7633352405853699e-03    1.5387674487570280e-03
8.8068457938850937e-03    1.5463503388559730e-03
8.8503563471848175e-03    1.5539490330738204e-03
8.8938669004845414e-03    1.5615634228680619e-03
8.9373774537842652e-03    1.5691934063255530e-03
8.9819358722072126e-03    1.5770231973419868e-03
9.0264942906301618e-03    1.5848691301272311e-03
9.0710527090531110e-03    1.5927310977161824e-03
9.1156111274760584e-03    1.6006089973572557e-03
9.1612251142087972e-03    1.6086899202250038e-03
9.2068391009415378e-03    1.6167873297874280e-03
9.2524530876742783e-03    1.6249011207705166e-03
9.2980670744070189e-03    1.6330311915950801e-03
9.3447443326361169e-03    1.6413675240585235e-03
9.3914215908652149e-03    1.6497206988859148e-03
9.4380988490943112e-03    1.6580906069734169e-03
9.4847761073234092e-03    1.6664771516659016e-03
9.5325243402354307e-03    1.6750732394044121e-03
9.5802725731474504e-03    1.6836865159959302e-03
9.6280208060594702e-03    1.6923168875422334e-03
9.6757690389714917e-03    1.7009642678402770e-03
9.7245959497530010e-03    1.7098244772171256e-03
9.7734228605345103e-03    1.7187022632896287e-03
9.8222497713160196e-03    1.7275975177923897e-03
9.8710766820975290e-03    1.7365101539397187e-03
9.9209899739350939e-03    1.7456389405268169e-03
9.9709032657726571e-03    1.7547856864865707e-03
1.0020816557610220e-02    1.7639502909219118e-03
1.0070729849447785e-02    1.7731326546481796e-03
1.0121737225527970e-02    1.7825345417890048e-03
1.0172744601608155e-02    1.7919547784615020e-03
1.0223751977688340e-02    1.8013932633849095e-03
1.0274759353768525e-02    1.8108499020357272e-03
1.0326868517277894e-02    1.8205294608648614e-03
1.0378977680787264e-02    1.8302277695312341e-03
1.0431086844296635e-02    1.8399447337245078e-03
1.0483196007806006e-02    1.8496802583385374e-03
1.0536414661931129e-02    1.8596421300216548e-03
1.0589633316056252e-02    1.8696231667973962e-03
1.0696070624306499e-02    1.8896423593801615e-03
1.0804742320161377e-02    1.9101597371005141e-03
1.0913414016016256e-02    1.9307551023644010e-03
1.1024335505848901e-02    1.9518565117877529e-03
1.1135256995681547e-02    1.9730376535918026e-03
1.1248443685865089e-02    1.9947327803677695e-03
1.1361630376048631e-02    2.0165094252391214e-03
1.1477097672956200e-02    2.0388080905888728e-03
1.1592564969863771e-02    2.0611900906075675e-03
1.1710328279868502e-02    2.0841022306470336e-03
1.1828091589873234e-02    2.1070995535268366e-03
1.1948166342002412e-02    2.1306352219738756e-03
1.2068241094131592e-02    2.1542579498543546e-03
1.2190741359550301e-02    2.1784468158045911e-03
1.2313241624969011e-02    2.2027247837002051e-03
1.2438448876647273e-02    2.2276305476722769e-03
1.2563656128325534e-02    2.2526278547161382e-03
1.2691843329569616e-02    2.2783141524911343e-03
1.2820030530813698e-02    2.3040948224206659e-03
1.2951470644929871e-02    2.3306268871436941e-03
1.3082910759046044e-02    2.3572565310843174e-03
1.3217876749340576e-02    2.3847012123638933e-03
1.3352842739635105e-02    2.4122470448233457e-03
1.3491607569414260e-02    2.4406727833721220e-03
1.3630372399193414e-02    2.4692036481468449e-03
1.3773209031763461e-02    2.4986805388707012e-03
1.3916045664333507e-02    2.5282668766237748e-03
1.4063227063000712e-02    2.5588666252573944e-03
1.4210408461667916e-02    2.5895804992899230e-03
1.4362207589738550e-02    2.6213764522040606e-03
1.4514006717809183e-02    2.6532915488317599e-03
1.4670696538589514e-02    2.6863586580105903e-03
1.4827386359369844e-02    2.7195502677557215e-03
1.4989239836166131e-02    2.7539651011423416e-03
1.5151093312962419e-02    2.7885100864040169e-03
1.5318383409080937e-02    2.8243507759526665e-03
1.5485673505199454e-02    2.8603275662817396e-03
1.5601006624364129e-02    2.8852091578457362e-03
1.5716339743528804e-02    2.9101542339375897e-03
1.5831672862693481e-02    2.9351623026130369e-03
1.5950994345814665e-02    2.9611009607393157e-03
1.6070315828935845e-02    2.9871059733608263e-03
1.6189637312057029e-02    3.0131768001808723e-03
1.6313129134672234e-02    3.0402275360188469e-03
1.6436620957287439e-02    3.0673475768097092e-03
1.6560112779902644e-02    3.0945363204395449e-03
1.6687956917549381e-02    3.1227550226304857e-03
1.6815801055196120e-02    3.1510460349721825e-03
1.6943645192842857e-02    3.1794086814187494e-03
1.7076023621058641e-02    3.2088520508111174e-03
1.7208402049274426e-02    3.2383707436949294e-03
1.7340780477490211e-02    3.2679640277990529e-03
1.7477875171812547e-02    3.2986894550290913e-03
1.7614969866134884e-02    3.3294932381835451e-03
1.7752064560457220e-02    3.3603745439165777e-03
1.7894057496423622e-02    3.3924400400593413e-03
1.8036050432390028e-02    3.4245868744235963e-03
1.8178043368356430e-02    3.4568141199571301e-03
1.8325116521504412e-02    3.4902781777859104e-03
1.8472189674652393e-02    3.5238264775685479e-03
1.8619262827800374e-02    3.5574579892525549e-03
1.8771598173667445e-02    3.5923794498984307e-03
1.8923933519534520e-02    3.6273879373496243e-03
1.9076268865401591e-02    3.6624823085418257e-03
1.9234048379525262e-02    3.6989202126420651e-03
1.9391827893648936e-02    3.7354477638160688e-03
1.9549607407772607e-02    3.7720637022502501e-03
1.9713013065690396e-02    3.8100771265519029e-03
1.9876418723608187e-02    3.8481826117902074e-03
2.0039824381525975e-02    3.8863787666656435e-03
2.0209038158775387e-02    3.9260266532110677e-03
2.0378251936024799e-02    3.9657687588388058e-03
2.0547465713274211e-02    4.0056035484141717e-03
2.0722669585392758e-02    4.0469445265287618e-03
2.0897873457511304e-02    4.0883815714707339e-03
2.1073077329629850e-02    4.1299130129885953e-03
2.1254453272155055e-02    4.1730052030715115e-03
2.1435829214680256e-02    4.2161949593477743e-03
2.1617205157205461e-02    4.2594804693578681e-03
2.1898800139909497e-02    4.3268688454745075e-03
2.2180395122613529e-02    4.3944770236663544e-03
2.2471794137540069e-02    4.4646297251773603e-03
2.2763193152466610e-02    4.5348815643464491e-03
2.3064669162921925e-02    4.6077961899513298e-03
2.3366145173377241e-02    4.6809401006200346e-03
2.3677971142667599e-02    4.7568278402607689e-03
2.3989797111957957e-02    4.8329436791973990e-03
2.4312246003389625e-02    4.9118834316814741e-03
2.4634694894821289e-02    4.9910489026316895e-03
2.4968039671700533e-02    5.0731172695392956e-03
2.5301384448579774e-02    5.1554077433237921e-03
2.5645898074212869e-02    5.2406788654835168e-03
2.5990411699845964e-02    5.3261672351183620e-03
2.6346367137539163e-02    5.4147126671821866e-03
2.6702322575232362e-02    5.5034692428677090e-03
2.7069992788291940e-02    5.5953578709733165e-03
2.7437663001351514e-02    5.6874503169339619e-03
2.7817559765621835e-02    5.7828083270692332e-03
2.8197456529892154e-02    5.8783618908222479e-03
2.8592041635799488e-02    5.9778056250152645e-03
2.8986626741706819e-02    6.0774374998047165e-03
2.9399227513412517e-02    6.1818076340927064e-03
2.9811828285118216e-02    6.2863595332984801e-03
3.0245768821424428e-02    6.3965024102898838e-03
3.0679709357730636e-02    6.5068209495109386e-03
3.1138313757439501e-02    6.6235871734576790e-03
3.1596918157148365e-02    6.7405224827510324e-03
3.2083510519062025e-02    6.8647647023922787e-03
3.2570102880975692e-02    6.9891682276690403e-03
3.3088007303896314e-02    7.1217388994142539e-03
3.3605911726816935e-02    7.2544611952309879e-03
3.4158452309546630e-02    7.3962103526170608e-03
3.4710992892276325e-02    7.5380988954307782e-03
3.5301493733617254e-02    7.6898719814764149e-03
3.5891994574958182e-02    7.8417690849619248e-03
3.6523779773712475e-02    8.0044049038505705e-03
3.7155564972466776e-02    8.1671457910488243e-03
3.7831958627436602e-02    8.3414747047001470e-03
3.8508352282406427e-02    8.5158858571361407e-03
3.9232678492393910e-02    8.7027283104319508e-03
3.9957004702381393e-02    8.8896261777122731e-03
4.0732587566188687e-02    9.0897916482930441e-03
4.1508170429995980e-02    9.2899818117402333e-03
4.2338334046425244e-02    9.5042682643153853e-03
4.3168497662854514e-02    9.7185451070416207e-03
4.4056566130707853e-02    9.9477389874707001e-03
4.4944634598561198e-02    1.0176885900754939e-02
4.5893932016640784e-02    1.0421762679072799e-02
4.6843229434720364e-02    1.0666552788670458e-02
4.7857079901828324e-02    1.0927878010619452e-02
4.8870930368936284e-02    1.1189075370324986e-02
4.9952657983874785e-02    1.1467606136818631e-02
5.1034385598813278e-02    1.1745967309629179e-02
5.2187314460384437e-02    1.2042454096729216e-02
5.3340243321955604e-02    1.2338729993501829e-02
5.4567697528961581e-02    1.2653918665101571e-02
5.5795151735967566e-02    1.2968856542720175e-02
5.7100455387210508e-02    1.3303490447228228e-02
5.8405759038453443e-02    1.3637835927362119e-02
5.9792236232735482e-02    1.3992657943319387e-02
6.1178713427017528e-02    1.4347156941028061e-02
6.2649688263140865e-02    1.4722911377056391e-02
6.4120663099264202e-02    1.5098311844013779e-02
6.5679459676030894e-02    1.5495746111973574e-02
6.7238256252797585e-02    1.5892799550691450e-02
6.8888198669009804e-02    1.6312665529440551e-02
7.0538141085222036e-02    1.6732128193041262e-02
7.2282553439681929e-02    1.7175183312744480e-02
7.4026965794141836e-02    1.7617817116196477e-02
7.5869172185651562e-02    1.8084825096906343e-02
7.7711378577161302e-02    1.8551398219543103e-02
7.9654703104522995e-02    1.9043129527858582e-02
8.1598027631884701e-02    1.9534416738999028e-02
8.3645794393900505e-02    2.0051648763583785e-02
8.5693561155916309e-02    2.0568431506021057e-02
8.7849094251388440e-02    2.1111948510636580e-02
9.0004627346860572e-02    2.1655014775703307e-02
9.2271250874591038e-02    2.2225607661930269e-02
9.4537874402321517e-02    2.2795751705181999e-02
9.6918912461112533e-02    2.3394217635384962e-02
9.9299950519903549e-02    2.3992239572322660e-02
1.0429750389721096e-01    2.5246086808451196e-02
1.0953718273184804e-01    2.6558911928049156e-02
1.1502563522141906e-01    2.7932342395743603e-02
1.2076950956352833e-01    2.9368013496579692e-02
1.2689434107668129e-01    3.0897235377949528e-02
1.3301917258983426e-01    3.2424936561753270e-02
1.4213282745601000e-01    3.4695690346538299e-02
1.5124648232218574e-01    3.6963944113537650e-02
1.6036013718836148e-01    3.9230084559150669e-02
1.6717936838803610e-01    4.0924516526061439e-02
1.7399859958771072e-01    4.2618051105321797e-02
1.8763706198705993e-01    4.6002793364621652e-02
2.0127552438640917e-01    4.9384927797348155e-02
2.1449226929109555e-01    5.2660439907015189e-02
2.2770901419578196e-01    5.5934279108086571e-02
2.4092575910046837e-01    5.9206709565643223e-02
2.5414250400515476e-01    6.2477943109158218e-02
2.6994143947031085e-01    6.6386953473980270e-02
2.8574037493546695e-01    7.0294733495600781e-02
3.1733824586577913e-01    7.8107319489760130e-02
3.5328908282762067e-01    8.6992469911379544e-02
3.8923991978946221e-01    9.5874704674400846e-02
4.2873230769342308e-01    1.0562943680545800e-01
4.6822469559738389e-01    1.1538218637359421e-01
5.5266974311072403e-01    1.3623141235774483e-01
6.4095223215066255e-01    1.5802348969229740e-01
7.3144933253838174e-01    1.8035912744281291e-01
8.2253821409505656e-01    2.0283858349975503e-01
9.1259604664186955e-01    2.2506209706875779e-01
1.0000000000000002e+00    2.4662961799215566e-01
