# s, \Delta(s)
0.0000000000000000e+00    8.2647581997008501e-04
1.4307760328795741e-05    8.2302314994109338e-04
2.9251004161933851e-05    8.1952888005787372e-04
4.4817388288361318e-05    8.1600574272044923e-04
6.0994569497025133e-05    8.1246581826377451e-04
7.7770204576872297e-05    8.0892041715685536e-04
9.5131950316849811e-05    8.0538010683284256e-04
1.1306746350590464e-04    8.0185469027327372e-04
1.3156440093298381e-04    7.9835320113375019e-04
1.5061041938703429e-04    7.9488391021698135e-04
1.7019317565700309e-04    7.9145433848282210e-04
1.9030032653183723e-04    7.8807127879798600e-04
2.1091952880048366e-04    7.8474081712442967e-04
2.3203843925188937e-04    7.8146837045522943e-04
2.5364471467500144e-04    7.7825871323256024e-04
2.7572601185876669e-04    7.7511601902813254e-04
2.9826998759213230e-04    7.7204389451424049e-04
3.2126429866404519e-04    7.6904542109446083e-04
3.4469660186345227e-04    7.6612319607249901e-04
3.6855455397930069e-04    7.6327936882591985e-04
3.9282581180053735e-04    7.6051568166946026e-04
4.1749803211610928e-04    7.5783350713720665e-04
4.4255887171496336e-04    7.5523388333209596e-04
4.6799598738604681e-04    7.5271754938910362e-04
4.9379703591830644e-04    7.5028497797546834e-04
5.1994967410068924e-04    7.4793640484216439e-04
5.4644155872214228e-04    7.4567185755824994e-04
5.7326034657161269e-04    7.4349118164462880e-04
6.0039369443804706e-04    7.4139406511619654e-04
6.2782925911039275e-04    7.3938005950680008e-04
6.5555469737759667e-04    7.3744859967206366e-04
6.8355766602860597e-04    7.3559902168085500e-04
7.1182582185236711e-04    7.3383057854670142e-04
7.4034682163782756e-04    7.3214245447417170e-04
7.6910832217393424e-04    7.3053377647624984e-04
7.9817819354249732e-04    7.2899951507565675e-04
8.2813669461830736e-04    7.2751087671463210e-04
8.5907408398614121e-04    7.2606822229914769e-04
8.9095672454696890e-04    7.2467808194431882e-04
9.2375097920176013e-04    7.2334644537619397e-04
9.5742321085148492e-04    7.2207878513808055e-04
9.9193978239711308e-04    7.2088008312931606e-04
1.0272670567396149e-03    7.1975485870012790e-04
1.0633713967799603e-03    7.1870719617095347e-04
1.1002191654191184e-03    7.1774077106567802e-04
1.1377767255580599e-03    7.1685888023864663e-04
1.1760104400977548e-03    7.1606445442995437e-04
1.2148866719391730e-03    7.1536009765083008e-04
1.2543717839832839e-03    7.1474809401195216e-04
1.2944321391310579e-03    7.1423044920493339e-04
1.3350341002834653e-03    7.1380886416960720e-04
1.3761440303414751e-03    7.1348479466593062e-04
1.4177282922060578e-03    7.1325943398647951e-04
1.4597532487781830e-03    7.1313373574355410e-04
1.5021852629588210e-03    7.1310841968852401e-04
1.5449906976489425e-03    7.1318396962283259e-04
1.5881359157495156e-03    7.1336066403659970e-04
1.6315872801615113e-03    7.1363854230099832e-04
1.6753111537858999e-03    7.1401744151700086e-04
1.7192738995236508e-03    7.1449697779257804e-04
1.7634418802757340e-03    7.1507655848535023e-04
1.8077814589431192e-03    7.1575537420898172e-04
1.8522589984267769e-03    7.1653240442515198e-04
1.8968408616276769e-03    7.1740642659534615e-04
1.9414934114467882e-03    7.1837597765522787e-04
1.9861830107850823e-03    7.1943942413099649e-04
2.0308760225435278e-03    7.2059489180986702e-04
2.0755388096230965e-03    7.2184030187116832e-04
2.1201377349247554e-03    7.2317336810101551e-04
2.1648049367069097e-03    7.2459705453553624e-04
2.2097037632551756e-03    7.2611647332365692e-04
2.2548457075617120e-03    7.2773246714064044e-04
2.3002422621205376e-03    7.2944598439761421e-04
2.3459049194256708e-03    7.3125809448271184e-04
2.3918451719711306e-03    7.3316993358929494e-04
2.4380745122509354e-03    7.3518275008410683e-04
2.4846044327591025e-03    7.3729784468667958e-04
2.5314464259896517e-03    7.3951665661553534e-04
2.5786119844366006e-03    7.4184067285898436e-04
2.6261126005939677e-03    7.4427146788735854e-04
2.6739597669557715e-03    7.4681069278170753e-04
2.7221649760160310e-03    7.4946007281795346e-04
2.7707397202687643e-03    7.5222139938802002e-04
2.8196954922079902e-03    7.5509654062955178e-04
2.8690437843277255e-03    7.5808742239757976e-04
2.9187960891219906e-03    7.6119603735236296e-04
2.9689638990848034e-03    7.6442443740631916e-04
3.0195587067101820e-03    7.6777473209688196e-04
3.0705920044921441e-03    7.7124908658987579e-04
3.1220752849247099e-03    7.7484971833285954e-04
3.1740200405018966e-03    7.7857889622379162e-04
3.2264377637177236e-03    7.8243894574114847e-04
3.2793399470662080e-03    7.8643220119545276e-04
3.3327380830413694e-03    7.9056109577635425e-04
3.3866436641372265e-03    7.9482805688257940e-04
3.4410681828477962e-03    7.9923557922967348e-04
3.4960231316670974e-03    8.0378617668230845e-04
3.5515200030891490e-03    8.0848240158815088e-04
3.6075702896079700e-03    8.1332683777901593e-04
3.6641854837175794e-03    8.1832209262699962e-04
3.7213770779119921e-03    8.2347080641653747e-04
3.7791565646852301e-03    8.2877564071992538e-04
3.8374813149219832e-03    8.3423415790662148e-04
3.8956930452680345e-03    8.3978433470122127e-04
3.9536636623042310e-03    8.4541145410810259e-04
4.0114818209591382e-03    8.5112156358491120e-04
4.0692361761613212e-03    8.5692133150416794e-04
4.1270153828393474e-03    8.6281804274790375e-04
4.1849080959217777e-03    8.6881955437689840e-04
4.2430029703371779e-03    8.7493429953156010e-04
4.3013886610141173e-03    8.8117124268194402e-04
4.3601538228811576e-03    8.8753988686107732e-04
4.4193871108668637e-03    8.9405024445454728e-04
4.4791771798998016e-03    9.0071283330672713e-04
4.5396126849085372e-03    9.0753865319470606e-04
4.6007822808216345e-03    9.1453919054629296e-04
4.6627746225676595e-03    9.2172640702870012e-04
4.7256783650751763e-03    9.2911272213314078e-04
4.7895821632727527e-03    9.3671100606229629e-04
4.8545746720889491e-03    9.4453458348198183e-04
4.9207445464523351e-03    9.5259723768492677e-04
4.9881804412914748e-03    9.6091316297020057e-04
5.0569710115349305e-03    9.6949698692583297e-04
5.1272049121112717e-03    9.7836380251692390e-04
5.1989707979490599e-03    9.8752908846932996e-04
5.2723573239768610e-03    9.9700875456676386e-04
5.3474531451232436e-03    1.0068191193326470e-03
5.4243469163167690e-03    1.0169769119698913e-03
5.5031272924860025e-03    1.0274992547110173e-03
5.5838829285595106e-03    1.0384036798356533e-03
5.6667024794658585e-03    1.0497080952021065e-03
5.7516746001336095e-03    1.0614308023164654e-03
5.8388879454913320e-03    1.0735904779437533e-03
5.9284311704675911e-03    1.0862061745697815e-03
6.0203929299909474e-03    1.0992972830905501e-03
6.1148618789899694e-03    1.1128836018627908e-03
6.2119297309287365e-03    1.1269856936593214e-03
6.3121886165523793e-03    1.1416982978005308e-03
6.4160535204899312e-03    1.1570930693807213e-03
6.5235552554876574e-03    1.1731861493231577e-03
6.6347246342918238e-03    1.1899936672890021e-03
6.7495924696486867e-03    1.2075317436028854e-03
6.8681895743045113e-03    1.2258165003373733e-03
6.9905467610055618e-03    1.2448640042421744e-03
7.1166948424980989e-03    1.2646903198358928e-03
7.2466646315283868e-03    1.2853114686208755e-03
7.3804869408426888e-03    1.3067434722486837e-03
7.5181925831872666e-03    1.3290023294487696e-03
7.6598123713083827e-03    1.3521040441872856e-03
7.8053771179523055e-03    1.3760646330638338e-03
7.9549176358652898e-03    1.4009001437358393e-03
8.1084647377935998e-03    1.4266266676088435e-03
8.2660492364835005e-03    1.4532603617709583e-03
8.4277019446812526e-03    1.4808174717160227e-03
8.5934536751331239e-03    1.5093143422646449e-03
8.7633352405853699e-03    1.5387674487570280e-03
8.9373774537842652e-03    1.5691934063255530e-03
9.1156111274760584e-03    1.6006089973572557e-03
9.2980670744070189e-03    1.6330311915950801e-03
9.4847761073234092e-03    1.6664771516659016e-03
9.6757690389714917e-03    1.7009642678402770e-03
9.8710766820975290e-03    1.7365101539397187e-03
1.0070729849447785e-02    1.7731326546481796e-03
1.0274759353768525e-02    1.8108499020357272e-03
1.0483196007806006e-02    1.8496802583385374e-03
1.0696070624306499e-02    1.8896423593801615e-03
1.0913414016016256e-02    1.9307551023644010e-03
1.1135256995681547e-02    1.9730376535918026e-03
1.1361630376048631e-02    2.0165094252391214e-03
1.1592564969863771e-02    2.0611900906075675e-03
1.1828091589873234e-02    2.1070995535268366e-03
1.2068241094131592e-02    2.1542579498543546e-03
1.2313241624969011e-02    2.2027247837002051e-03
1.2563656128325534e-02    2.2526278547161382e-03
1.2820030530813698e-02    2.3040948224206659e-03
1.3082910759046044e-02    2.3572565310843174e-03
1.3352842739635105e-02    2.4122470448233457e-03
1.3630372399193414e-02    2.4692036481468449e-03
1.3916045664333507e-02    2.5282668766237748e-03
1.4210408461667916e-02    2.5895804992899230e-03
1.4514006717809183e-02    2.6532915488317599e-03
1.4827386359369844e-02    2.7195502677557215e-03
1.5151093312962419e-02    2.7885100864040169e-03
1.5485673505199454e-02    2.8603275662817396e-03
1.5831672862693481e-02    2.9351623026130369e-03
1.6189637312057029e-02    3.0131768001808723e-03
1.6560112779902644e-02    3.0945363204395449e-03
1.6943645192842857e-02    3.1794086814187494e-03
1.7340780477490211e-02    3.2679640277990529e-03
1.7752064560457220e-02    3.3603745439165777e-03
1.8178043368356430e-02    3.4568141199571301e-03
1.8619262827800374e-02    3.5574579892525549e-03
1.9076268865401591e-02    3.6624823085418257e-03
1.9549607407772607e-02    3.7720637022502501e-03
2.0039824381525975e-02    3.8863787666656435e-03
2.0547465713274211e-02    4.0056035484141717e-03
2.1073077329629850e-02    4.1299130129885953e-03
2.1617205157205461e-02    4.2594804693578681e-03
2.2180395122613529e-02    4.3944770236663544e-03
2.2763193152466610e-02    4.5348815643464491e-03
2.3366145173377241e-02    4.6809401006200346e-03
2.3989797111957957e-02    4.8329436791973990e-03
2.4634694894821289e-02    4.9910489026316895e-03
2.5301384448579774e-02    5.1554077433237921e-03
2.5990411699845964e-02    5.3261672351183620e-03
2.6702322575232362e-02    5.5034692428677090e-03
2.7437663001351514e-02    5.6874503169339619e-03
2.8197456529892154e-02    5.8783618908222479e-03
2.8986626741706819e-02    6.0774374998047165e-03
2.9811828285118216e-02    6.2863595332984801e-03
3.0679709357730636e-02    6.5068209495109386e-03
3.1596918157148365e-02    6.7405224827510324e-03
3.2570102880975692e-02    6.9891682276690403e-03
3.3605911726816935e-02    7.2544611952309879e-03
3.4710992892276325e-02    7.5380988954307782e-03
3.5891994574958182e-02    7.8417690849619248e-03
3.7155564972466776e-02    8.1671457910488243e-03
3.8508352282406427e-02    8.5158858571361407e-03
3.9957004702381393e-02    8.8896261777122731e-03
4.1508170429995980e-02    9.2899818117402333e-03
4.3168497662854514e-02    9.7185451070416207e-03
4.4944634598561198e-02    1.0176885900754939e-02
4.6843229434720364e-02    1.0666552788670458e-02
4.8870930368936284e-02    1.1189075370324986e-02
5.1034385598813278e-02    1.1745967309629179e-02
5.3340243321955604e-02    1.2338729993501829e-02
5.5795151735967566e-02    1.2968856542720175e-02
5.8405759038453443e-02    1.3637835927362119e-02
6.1178713427017528e-02    1.4347156941028061e-02
6.4120663099264202e-02    1.5098311844013779e-02
6.7238256252797585e-02    1.5892799550691450e-02
7.0538141085222036e-02    1.6732128193041262e-02
7.4026965794141836e-02    1.7617817116196477e-02
7.7711378577161302e-02    1.8551398219543103e-02
8.1598027631884701e-02    1.9534416738999028e-02
8.5693561155916309e-02    2.0568431506021057e-02
9.0004627346860572e-02    2.1655014775703307e-02
9.4537874402321517e-02    2.2795751705181999e-02
9.9299950519903549e-02    2.3992239572322660e-02
1.0429750389721096e-01    2.5246086808451196e-02
1.0953718273184804e-01    2.6558911928049156e-02
1.1502563522141906e-01    2.7932342395743603e-02
1.2076950956352833e-01    2.9368013496579692e-02
1.3301917258983426e-01    3.2424936561753270e-02
1.6036013718836148e-01    3.9230084559150669e-02
2.0127552438640917e-01    4.9384927797348155e-02
2.5414250400515476e-01    6.2477943109158218e-02
3.1733824586577913e-01    7.8107319489760130e-02
3.8923991978946221e-01    9.5874704674400846e-02
4.6822469559738389e-01    1.1538218637359421e-01
5.5266974311072403e-01    1.3623141235774483e-01
6.4095223215066255e-01    1.5802348969229740e-01
7.3144933253838174e-01    1.8035912744281291e-01
8.2253821409505656e-01    2.0283858349975503e-01
9.1259604664186955e-01    2.2506209706875779e-01
1.0000000000000002e+00    2.4662961799215566e-01
