# K is  3.7783262928354326e+00
# Error estimate is 4.6980626218218191e-05
# s, K(s)
0.0000000000000000e+00    0.0000000000000000e+00
3.5769400821989354e-06    1.9314477350347980e-03
7.1538801643978707e-06    3.8676305723082541e-03
1.0730820246596806e-05    5.8085271846837908e-03
1.4307760328795741e-05    7.7541157463642584e-03
1.8043571287080267e-05    9.7911033565248728e-03
2.1779382245364795e-05    1.1833159124499995e-02
2.5515193203649323e-05    1.3880256877520805e-02
2.9251004161933851e-05    1.5932369998912337e-02
3.3142600193540716e-05    1.8075361451402473e-02
3.7034196225147586e-05    2.0223734781544978e-02
4.0925792256754455e-05    2.2377458350996988e-02
4.4817388288361318e-05    2.4536500033819176e-02
4.8861683590527275e-05    2.6785858793536385e-02
5.2905978892693225e-05    2.9040888634820964e-02
5.6950274194859175e-05    3.1301551727072018e-02
6.0994569497025133e-05    3.3567809736673844e-02
6.5188478266986927e-05    3.5923772587922856e-02
6.9382387036948708e-05    3.8285666152028247e-02
7.3576295806910503e-05    4.0653445810567880e-02
7.7770204576872297e-05    4.3027065980676696e-02
8.2110641011866672e-05    4.5489717482066427e-02
8.6451077446861047e-05    4.7958524184363811e-02
9.0791513881855436e-05    5.0433433779464583e-02
9.5131950316849811e-05    5.2914393427824273e-02
9.9615828614113523e-05    5.5483639767790180e-02
1.0409970691137722e-04    5.8059225357773664e-02
1.0858358520864093e-04    6.0641089636687712e-02
1.1306746350590464e-04    6.3229172138687048e-02
1.1769169786267444e-04    6.5904715301528888e-02
1.2231593221944423e-04    6.8586736779653462e-02
1.2694016657621401e-04    7.1275167508654133e-02
1.3156440093298381e-04    7.3969936551855242e-02
1.3632590554649642e-04    7.6751248447744252e-02
1.4108741016000906e-04    7.9539128011886409e-02
1.4584891477352168e-04    8.2333495924145864e-02
1.5061041938703429e-04    8.5134272418708315e-02
1.5550610845452650e-04    8.8020574886418429e-02
1.6040179752201871e-04    9.0913478559264654e-02
1.6529748658951088e-04    9.3812894162082869e-02
1.7019317565700309e-04    9.6718731652503526e-02
1.7521996337571162e-04    9.9708969841720577e-02
1.8024675109442017e-04    1.0270578393100555e-01
1.8527353881312870e-04    1.0570907381063653e-01
1.9030032653183723e-04    1.0871873924859882e-01
1.9545512709899884e-04    1.1181156489395293e-01
2.0060992766616044e-04    1.1491087850210824e-01
2.0576472823332205e-04    1.1801656863902560e-01
2.1091952880048366e-04    1.2112852363925111e-01
2.1619925641333510e-04    1.2432227412352022e-01
2.2147898402618651e-04    1.2752235732794395e-01
2.2675871163903793e-04    1.3072865082498716e-01
2.3203843925188937e-04    1.3394103154740175e-01
2.3744000810766737e-04    1.3723371546909979e-01
2.4284157696344541e-04    1.4053250795162969e-01
2.4824314581922344e-04    1.4383727503584812e-01
2.5364471467500144e-04    1.4714788204082041e-01
2.5916503897094274e-04    1.5053716706370676e-01
2.6468536326688409e-04    1.5393226526186188e-01
2.7020568756282539e-04    1.5733303098009438e-01
2.7572601185876669e-04    1.6073931796259952e-01
2.8136200579210807e-04    1.6422252169102880e-01
2.8699799972544950e-04    1.6771117053544765e-01
2.9263399365879092e-04    1.7120510734643771e-01
2.9826998759213230e-04    1.7470417435809824e-01
3.0401856536011054e-04    1.7827825899176300e-01
3.0976714312808877e-04    1.8185734766571893e-01
3.1551572089606695e-04    1.8544127185140039e-01
3.2126429866404519e-04    1.8902986245595779e-01
3.2712237446389696e-04    1.9269143290334503e-01
3.3298045026374873e-04    1.9635749373820799e-01
3.3883852606360050e-04    2.0002786533004588e-01
3.4469660186345227e-04    2.0370236758619692e-01
3.5066108989241436e-04    2.0744767501209918e-01
3.5662557792137651e-04    2.1119688790825067e-01
3.6259006595033860e-04    2.1494981595519405e-01
3.6855455397930069e-04    2.1870626897171000e-01
3.7158846120695528e-04    2.2061832467282613e-01
3.7462236843460988e-04    2.2253121814437229e-01
3.7765627566226448e-04    2.2444492438658542e-01
3.8069018288991902e-04    2.2635941844731003e-01
3.8372409011757356e-04    2.2827467537500856e-01
3.8675799734522816e-04    2.3019067015120015e-01
3.8979190457288275e-04    2.3210737778005858e-01
3.9282581180053735e-04    2.3402477335355898e-01
3.9590983933998386e-04    2.3597452384896700e-01
3.9899386687943032e-04    2.3792493325705869e-01
4.0207789441887678e-04    2.3987597540628847e-01
4.0516192195832329e-04    2.4182762431917307e-01
4.0824594949776980e-04    2.4377985398407540e-01
4.1132997703721631e-04    2.4573263818682275e-01
4.1441400457666283e-04    2.4768595090526899e-01
4.1749803211610928e-04    2.4963976625410608e-01
4.2063063706596602e-04    2.5162484459174511e-01
4.2376324201582282e-04    2.5361038744977538e-01
4.2689584696567955e-04    2.5559636762598709e-01
4.3002845191553629e-04    2.5758275823382570e-01
4.3316105686539309e-04    2.5956953220433560e-01
4.3629366181524982e-04    2.6155666254132337e-01
4.3942626676510656e-04    2.6354412234111624e-01
4.4255887171496336e-04    2.6553188464298760e-01
4.4573851117384879e-04    2.6754977397618601e-01
4.4891815063273423e-04    2.6956791923450757e-01
4.5209779009161967e-04    2.7158629246013088e-01
4.5527742955050511e-04    2.7360486585445293e-01
4.5845706900939055e-04    2.7562361143516279e-01
4.6163670846827593e-04    2.7764250145938502e-01
4.6481634792716137e-04    2.7966150828733838e-01
4.6799598738604681e-04    2.8168060414529134e-01
4.7122111845257925e-04    2.8372865021728544e-01
4.7444624951911170e-04    2.8577673073705451e-01
4.7767138058564420e-04    2.8782481710403601e-01
4.8089651165217665e-04    2.8987288085575513e-01
4.8412164271870910e-04    2.9192089342218286e-01
4.8734677378524155e-04    2.9396882654610668e-01
4.9057190485177400e-04    2.9601665187532999e-01
4.9379703591830644e-04    2.9806434108436519e-01
4.9706611569110427e-04    3.0013976637041584e-01
5.0033519546390220e-04    3.0221499365290228e-01
5.0360427523670002e-04    3.0428999382900718e-01
5.0687335500949784e-04    3.0636473788759744e-01
5.1014243478229567e-04    3.0843919684674881e-01
5.1341151455509349e-04    3.1051334202198716e-01
5.1668059432789142e-04    3.1258714451641351e-01
5.1994967410068924e-04    3.1466057578286488e-01
5.2326115967837091e-04    3.1676049568805575e-01
5.2657264525605247e-04    3.1885997572750324e-01
5.2988413083373414e-04    3.2095898662907896e-01
5.3319561641141581e-04    3.2305749927778582e-01
5.3650710198909738e-04    3.2515548427435437e-01
5.3981858756677905e-04    3.2725291252516853e-01
5.4313007314446072e-04    3.2934975526964422e-01
5.4644155872214228e-04    3.3144598360372135e-01
5.4979390720332605e-04    3.3356742371749720e-01
5.5314625568450983e-04    3.3568817522404681e-01
5.5649860416569371e-04    3.3780820853474930e-01
5.5985095264687748e-04    3.3992749436798014e-01
5.6320330112806126e-04    3.4204600338007368e-01
5.6655564960924514e-04    3.4416370657746526e-01
5.6990799809042891e-04    3.4628057496383935e-01
5.7326034657161269e-04    3.4839657975795502e-01
5.7665201505491693e-04    3.5053649512641327e-01
5.8004368353822128e-04    3.5267546776166042e-01
5.8343535202152563e-04    3.5481346813672487e-01
5.8682702050482987e-04    3.5695046711516665e-01
5.9021868898813412e-04    3.5908643583743677e-01
5.9361035747143847e-04    3.6122134517376164e-01
5.9700202595474282e-04    3.6335516649863925e-01
6.0039369443804706e-04    3.6548787116044007e-01
6.0382314002209024e-04    3.6764316614064385e-01
6.0725258560613343e-04    3.6979726136862207e-01
6.1068203119017672e-04    3.7195012775032066e-01
6.1411147677421991e-04    3.7410173650246248e-01
6.1754092235826309e-04    3.7625205885569940e-01
6.2097036794230638e-04    3.7840106635848247e-01
6.2782925911039275e-04    3.8269502385615500e-01
6.3129493889379324e-04    3.8486257224548331e-01
6.3476061867719373e-04    3.8702866305718037e-01
6.4169197824399471e-04    3.9135635830443094e-01
6.4862333781079569e-04    3.9567788430398210e-01
6.5555469737759667e-04    3.9999301872150606e-01
6.6255543954034900e-04    4.0434463657393005e-01
6.6955618170310132e-04    4.0868928849570868e-01
6.7655692386585364e-04    4.1302675574722203e-01
6.8355766602860597e-04    4.1735682280106157e-01
6.9062470498454625e-04    4.2172017346596880e-01
6.9769174394048654e-04    4.2607555173307043e-01
7.0475878289642682e-04    4.3042274683035125e-01
7.1182582185236711e-04    4.3476155148582646e-01
7.1657932181661054e-04    4.3767513796626994e-01
7.2133282178085396e-04    4.4058477493245923e-01
7.2608632174509728e-04    4.4349040230896819e-01
7.3083982170934071e-04    4.4639196022307953e-01
7.3559332167358413e-04    4.4928938969583265e-01
7.4034682163782756e-04    4.5218263293124028e-01
7.4514040506051208e-04    4.5509597551504932e-01
7.4993398848319649e-04    4.5800494464268410e-01
7.5472757190588090e-04    4.6090948309505858e-01
7.5952115532856531e-04    4.6380953447191209e-01
7.6431473875124972e-04    4.6670504314610550e-01
7.6910832217393424e-04    4.6959595437858703e-01
7.7395330073536149e-04    4.7251313432603942e-01
7.7879827929678864e-04    4.7542550752988594e-01
7.8364325785821578e-04    4.7833301972083997e-01
7.8848823641964293e-04    4.8123561771183565e-01
7.9333321498107007e-04    4.8413324909216837e-01
7.9817819354249732e-04    4.8702586222018890e-01
8.0317127705513240e-04    4.9000159431568319e-01
8.0816436056776737e-04    4.9297188761965216e-01
8.1315744408040234e-04    4.9593668854706069e-01
8.1815052759303731e-04    4.9889594398123255e-01
8.2314361110567228e-04    5.0184960212221441e-01
8.2813669461830736e-04    5.0479761193084804e-01
8.3329292617961306e-04    5.0783596591844604e-01
8.3844915774091864e-04    5.1086818867126471e-01
8.4360538930222423e-04    5.1389422698816867e-01
8.4876162086352993e-04    5.1691402878656501e-01
8.5391785242483562e-04    5.1992754299872534e-01
8.5907408398614121e-04    5.2293471945557468e-01
8.6438785741294586e-04    5.2602709324465113e-01
8.6970163083975041e-04    5.2911263167576139e-01
8.7501540426655506e-04    5.3219128307615382e-01
8.8032917769335971e-04    5.3526299715521153e-01
8.8564295112016425e-04    5.3832772480318170e-01
8.9095672454696890e-04    5.4138541794038708e-01
8.9642243365610085e-04    5.4452315082044356e-01
9.0188814276523268e-04    5.4765334179488256e-01
9.0735385187436452e-04    5.5077594202996705e-01
9.1281956098349635e-04    5.5389090433575805e-01
9.2375097920176013e-04    5.6009773203438129e-01
9.3497505641833506e-04    5.6643837728666957e-01
9.4619913363490999e-04    5.7274588154134287e-01
9.5742321085148492e-04    5.7901990460015906e-01
9.6892873470002768e-04    5.8541616364474913e-01
9.8043425854857044e-04    5.9177657691762298e-01
9.9193978239711308e-04    5.9810084641084293e-01
1.0037155405112803e-03    6.0453593263393857e-01
1.0154912986254476e-03    6.1093258190488831e-01
1.0272670567396149e-03    6.1729053994197425e-01
1.0393018367530634e-03    6.2374812453779083e-01
1.0513366167665117e-03    6.3016482569184984e-01
1.0633713967799603e-03    6.3654043810989569e-01
1.0756539863263463e-03    6.4300477658641320e-01
1.0879365758727324e-03    6.4942596047658518e-01
1.1002191654191184e-03    6.5580384168747330e-01
1.1127383521320989e-03    6.6225988717983653e-01
1.1252575388450794e-03    6.6867070862183442e-01
1.1377767255580599e-03    6.7503621921077095e-01
1.1505212970712914e-03    6.8146972037033260e-01
1.1632658685845232e-03    6.8785615034750580e-01
1.1760104400977548e-03    6.9419548487573890e-01
1.1889691840448941e-03    7.0059305777012315e-01
1.2019279279920337e-03    7.0694195317248132e-01
1.2148866719391730e-03    7.1324220768331292e-01
1.2280483759538766e-03    7.1959140687090739e-01
1.2412100799685803e-03    7.2589057028823645e-01
1.2543717839832839e-03    7.3213979660140183e-01
1.2677252356992086e-03    7.3842915379119711e-01
1.2810786874151332e-03    7.4466737197841459e-01
1.2944321391310579e-03    7.5085461149286281e-01
1.3079661261818603e-03    7.5707366441260104e-01
1.3215001132326628e-03    7.6324073119402225e-01
1.3350341002834653e-03    7.6935602826248062e-01
1.3487374103028020e-03    7.7549532486436923e-01
1.3624407203221384e-03    7.8158203907876134e-01
1.3761440303414751e-03    7.8761644131616348e-01
1.3900054509630028e-03    7.9366753651158217e-01
1.4038668715845302e-03    7.9966569694831879e-01
1.4177282922060578e-03    8.0561123831622161e-01
1.4317366110634328e-03    8.1156666482400375e-01
1.4457449299208080e-03    8.1746903605838217e-01
1.4597532487781830e-03    8.2331871361124431e-01
1.4738972535050623e-03    8.2917196580981556e-01
1.4880412582319417e-03    8.3497225855314994e-01
1.5021852629588210e-03    8.4071998917936086e-01
1.5128866216313514e-03    8.4503404143953886e-01
1.5235879803038818e-03    8.4931841354124382e-01
1.5342893389764121e-03    8.5357328669472576e-01
1.5449906976489425e-03    8.5779884092696645e-01
1.5557770021740857e-03    8.6202845348650836e-01
1.5665633066992289e-03    8.6622865584401187e-01
1.5773496112243724e-03    8.7039963753471783e-01
1.5881359157495156e-03    8.7454159250725472e-01
1.5989987568525146e-03    8.7868379912224082e-01
1.6098615979555134e-03    8.8279695979066142e-01
1.6207244390585122e-03    8.8688127323026111e-01
1.6315872801615113e-03    8.9093694085832564e-01
1.6425182485676083e-03    8.9498933164114902e-01
1.6534492169737055e-03    8.9901312455789661e-01
1.6643801853798027e-03    9.0300852527332365e-01
1.6753111537858999e-03    9.0697574015874227e-01
1.6863018402203376e-03    9.1093641965021954e-01
1.6972925266547753e-03    9.1486902290035987e-01
1.7082832130892131e-03    9.1877376054690096e-01
1.7192738995236508e-03    9.2265084243332773e-01
1.7303158947116716e-03    9.2651838516148211e-01
1.7413578898996924e-03    9.3035843796847972e-01
1.7523998850877132e-03    9.3417121416269189e-01
1.7634418802757340e-03    9.3795692426871746e-01
1.7745267749425804e-03    9.4173033379278470e-01
1.7856116696094266e-03    9.4547689613059005e-01
1.7966965642762728e-03    9.4919682170672015e-01
1.8077814589431192e-03    9.5289032163759269e-01
1.8189008438140337e-03    9.5656897706786459e-01
1.8300202286849481e-03    9.6022146827533561e-01
1.8411396135558625e-03    9.6384800748388311e-01
1.8522589984267769e-03    9.6744880645022191e-01
1.8634044642270018e-03    9.7103242959482117e-01
1.8745499300272268e-03    9.7459061036750161e-01
1.8856953958274517e-03    9.7812355832999798e-01
1.8968408616276769e-03    9.8163147992712896e-01
1.9080039990824547e-03    9.8512008539369667e-01
1.9191671365372325e-03    9.8858399956655696e-01
1.9303302739920104e-03    9.9202342893327722e-01
1.9414934114467882e-03    9.9543857764696886e-01
1.9526658112813617e-03    9.9883245054496361e-01
1.9638382111159354e-03    1.0022024062832953e+00
1.9750106109505091e-03    1.0055486443161723e+00
1.9861830107850823e-03    1.0088713652962495e+00
1.9973562637246936e-03    1.0121710166565971e+00
2.0085295166643053e-03    1.0154475368881073e+00
2.0197027696039166e-03    1.0187011250838267e+00
2.0308760225435278e-03    1.0219319762843118e+00
2.0420417193134201e-03    1.0251381158779020e+00
2.0532074160833124e-03    1.0283219268990758e+00
2.0643731128532046e-03    1.0314835984848378e+00
2.0755388096230965e-03    1.0346233162367346e+00
2.0866885409485114e-03    1.0377368230535844e+00
2.0978382722739259e-03    1.0408288079235430e+00
2.1089880035993405e-03    1.0438994511137714e+00
2.1201377349247554e-03    1.0469489317587823e+00
2.1350268021854734e-03    1.0509884421978355e+00
2.1499158694461918e-03    1.0549909552233343e+00
2.1648049367069097e-03    1.0589568881727442e+00
2.1797712122229983e-03    1.0629069332578327e+00
2.1947374877390870e-03    1.0668208409514135e+00
2.2097037632551756e-03    1.0706990169402031e+00
2.2247510780240209e-03    1.0745625779181796e+00
2.2397983927928667e-03    1.0783908337310424e+00
2.2548457075617120e-03    1.0821841822307379e+00
2.2699778924146537e-03    1.0859641200750931e+00
2.2851100772675959e-03    1.0897095488680151e+00
2.3002422621205376e-03    1.0934208587470926e+00
2.3154631478889153e-03    1.0971198925535213e+00
2.3306840336572931e-03    1.1007851837348277e+00
2.3459049194256708e-03    1.1044171150603004e+00
2.3612183369408242e-03    1.1080378435328320e+00
2.3765317544559772e-03    1.1116255678787774e+00
2.3918451719711306e-03    1.1151806617645552e+00
2.4072549520643988e-03    1.1187255629021304e+00
2.4226647321576671e-03    1.1222381670333581e+00
2.4380745122509354e-03    1.1257188404196303e+00
2.4535844857536578e-03    1.1291902727114749e+00
2.4690944592563801e-03    1.1326300937507814e+00
2.4846044327591025e-03    1.1360386645286105e+00
2.5002184305026190e-03    1.1394388906993587e+00
2.5158324282461351e-03    1.1428081638434151e+00
2.5314464259896517e-03    1.1461468387519629e+00
2.5471682788053012e-03    1.1494780133801963e+00
2.5628901316209511e-03    1.1527788701505293e+00
2.5786119844366006e-03    1.1560497591976329e+00
2.5944455231557231e-03    1.1593139452322814e+00
2.6102790618748452e-03    1.1625484286815424e+00
2.6261126005939677e-03    1.1657535509399028e+00
2.6420616560479024e-03    1.1689527178544565e+00
2.6580107115018368e-03    1.1721227792065640e+00
2.6739597669557715e-03    1.1752640688514469e+00
2.6900281699758582e-03    1.1784001084615916e+00
2.7060965729959444e-03    1.1815076204133685e+00
2.7221649760160310e-03    1.1845869351971987e+00
2.7383565574336088e-03    1.1876616674590599e+00
2.7545481388511865e-03    1.1907084328574096e+00
2.7707397202687643e-03    1.1937275624556196e+00
2.7870583109151728e-03    1.1967427441119574e+00
2.8033769015615817e-03    1.1997305103445948e+00
2.8196954922079902e-03    1.2026911825700903e+00
2.8361449229145686e-03    1.2056484989824248e+00
2.8525943536211471e-03    1.2085789359599002e+00
2.8690437843277255e-03    1.2114828193786273e+00
2.8856278859258140e-03    1.2143839170697253e+00
2.9022119875239021e-03    1.2172586613672454e+00
2.9187960891219906e-03    1.2201073735397767e+00
2.9355186924429283e-03    1.2229538342435455e+00
2.9522412957638656e-03    1.2257744609099570e+00
2.9689638990848034e-03    1.2285695710985722e+00
2.9858288349599296e-03    1.2313629467778857e+00
3.0026937708350558e-03    1.2341310022563350e+00
3.0195587067101820e-03    1.2368740527436781e+00
3.0365698059708359e-03    1.2396158644715698e+00
3.0535809052314902e-03    1.2423328704126440e+00
3.0705920044921441e-03    1.2450253829825799e+00
3.0877530979696662e-03    1.2477171333435320e+00
3.1049141914471878e-03    1.2503845869703230e+00
3.1220752849247099e-03    1.2530280558986893e+00
3.1393902034504389e-03    1.2556712252919846e+00
3.1567051219761675e-03    1.2582906058844541e+00
3.1740200405018966e-03    1.2608865105606399e+00
3.1914926149071723e-03    1.2634825695538827e+00
3.2089651893124479e-03    1.2660553481503918e+00
3.2264377637177236e-03    1.2686051599600279e+00
3.2440718248338851e-03    1.2711555694751229e+00
3.2617058859500466e-03    1.2736832181850712e+00
3.2793399470662080e-03    1.2761884202073535e+00
3.2926894810599984e-03    1.2780701971304951e+00
3.3060390150537887e-03    1.2799394221922380e+00
3.3193885490475790e-03    1.2817962287249500e+00
3.3327380830413694e-03    1.2836407486554575e+00
3.3462144783153337e-03    1.2854904671447478e+00
3.3596908735892979e-03    1.2873279312145993e+00
3.3731672688632622e-03    1.2891532750120291e+00
3.3866436641372265e-03    1.2909666311282912e+00
3.4002497938148690e-03    1.2927854168128963e+00
3.4138559234925111e-03    1.2945922517066499e+00
3.4274620531701537e-03    1.2963872706975768e+00
3.4410681828477962e-03    1.2981706083922306e+00
3.4548069200526213e-03    1.2999596082133082e+00
3.4685456572574468e-03    1.3017369688402323e+00
3.4822843944622723e-03    1.3035028261425745e+00
3.4960231316670974e-03    1.3052573139264083e+00
3.5098973495226102e-03    1.3070177024365519e+00
3.5237715673781230e-03    1.3087667712839270e+00
3.5376457852336358e-03    1.3105046567368259e+00
3.5515200030891490e-03    1.3122314948673608e+00
3.5655325747188543e-03    1.3139644784087572e+00
3.5795451463485595e-03    1.3156864705131288e+00
3.5935577179782648e-03    1.3173976078498386e+00
3.6075702896079700e-03    1.3190980282476852e+00
3.6217240881353720e-03    1.3208048466084890e+00
3.6358778866627745e-03    1.3225010101371921e+00
3.6500316851901769e-03    1.3241866596083551e+00
3.6641854837175794e-03    1.3258619336257917e+00
3.6832493484490504e-03    1.3281022170372845e+00
3.7023132131805210e-03    1.3303242648276461e+00
3.7213770779119921e-03    1.3325284131251991e+00
3.7406369068364049e-03    1.3347373762634125e+00
3.7598967357608173e-03    1.3369287430661672e+00
3.7791565646852301e-03    1.3391028526192306e+00
3.7985981480974811e-03    1.3412803174496515e+00
3.8180397315097322e-03    1.3434408826027056e+00
3.8374813149219832e-03    1.3455848879508330e+00
3.8568852250373338e-03    1.3477085652075562e+00
3.8762891351526840e-03    1.3498164188868644e+00
3.8956930452680345e-03    1.3519087824603297e+00
3.9246783537861332e-03    1.3550061917573255e+00
3.9536636623042310e-03    1.3580708586266865e+00
3.9825727416316851e-03    1.3610959294574307e+00
4.0114818209591382e-03    1.3640905717525014e+00
4.0403589985602301e-03    1.3670525751837268e+00
4.0692361761613212e-03    1.3699862963412730e+00
4.0981257795003343e-03    1.3728940085489187e+00
4.1270153828393474e-03    1.3757754577407713e+00
4.1559617393805625e-03    1.3786372382038972e+00
4.1849080959217777e-03    1.3814746613984088e+00
4.2139555331294782e-03    1.3842984942921521e+00
4.2430029703371779e-03    1.3870997771520586e+00
4.2721958156756480e-03    1.3898933475732558e+00
4.3013886610141173e-03    1.3926660950252536e+00
4.3307712419476379e-03    1.3954368109729656e+00
4.3601538228811576e-03    1.3981883734586522e+00
4.3897704668740111e-03    1.4009434355318935e+00
4.4193871108668637e-03    1.4036809615785106e+00
4.4492821453833327e-03    1.4064273962030811e+00
4.4791771798998016e-03    1.4091578807851430e+00
4.5093949324041694e-03    1.4119025872622237e+00
4.5396126849085372e-03    1.4146329062678877e+00
4.5701974828650863e-03    1.4173826919154699e+00
4.6007822808216345e-03    1.4201196406914951e+00
4.6317784516946466e-03    1.4228812578417744e+00
4.6627746225676595e-03    1.4256315908809105e+00
4.6942264938214179e-03    1.4284117753298671e+00
4.7256783650751763e-03    1.4311822381911543e+00
4.7576302641739645e-03    1.4339877392284677e+00
4.7895821632727527e-03    1.4367850972752161e+00
4.8220784176808505e-03    1.4396227057528934e+00
4.8545746720889491e-03    1.4424537771988835e+00
4.8876596092706417e-03    1.4453303603163885e+00
4.9207445464523351e-03    1.4482020432574769e+00
4.9544624938719049e-03    1.4511245628386698e+00
4.9881804412914748e-03    1.4540438553975472e+00
5.0225757264132026e-03    1.4570193941460476e+00
5.0569710115349305e-03    1.4599934210025509e+00
5.0920879618231007e-03    1.4630292039410109e+00
5.1272049121112717e-03    1.4660652334186526e+00
5.1630878550301658e-03    1.4691686434814439e+00
5.1989707979490599e-03    1.4722741031385758e+00
5.2356640609629605e-03    1.4754526948953854e+00
5.2723573239768610e-03    1.4786351875353521e+00
5.3099052345500523e-03    1.4818967074227132e+00
5.3474531451232436e-03    1.4851640202771326e+00
5.3859000307200063e-03    1.4885163984087060e+00
5.4243469163167690e-03    1.4918765054290180e+00
5.4637371044013857e-03    1.4953278739616656e+00
5.5031272924860025e-03    1.4987889447307792e+00
5.5435051105227565e-03    1.5023476328745089e+00
5.5838829285595106e-03    1.5059180275320199e+00
5.6252927040126846e-03    1.5095925542224815e+00
5.6667024794658585e-03    1.5132808122434038e+00
5.7091885397997340e-03    1.5170798775740408e+00
5.7516746001336095e-03    1.5208947168273654e+00
5.7952812728124707e-03    1.5248272003110868e+00
5.8388879454913320e-03    1.5287775031836415e+00
5.8836595579794615e-03    1.5328524299960073e+00
5.9284311704675911e-03    1.5369472111009066e+00
5.9744120502292688e-03    1.5411737389953886e+00
6.0203929299909474e-03    1.5454221326570916e+00
6.0676274044904584e-03    1.5498095204844617e+00
6.1148618789899694e-03    1.5542207407867337e+00
6.1633958049593530e-03    1.5587784534896305e+00
6.2119297309287365e-03    1.5633619035495325e+00
6.2620591737405579e-03    1.5681232700174648e+00
6.3121886165523793e-03    1.5729124780847448e+00
6.3641210685211553e-03    1.5779034063577837e+00
6.4160535204899312e-03    1.5829243696587754e+00
6.4698043879887947e-03    1.5881527655546381e+00
6.5235552554876574e-03    1.5934132447694118e+00
6.5791399448897406e-03    1.5988867829597284e+00
6.6347246342918238e-03    1.6043942464697685e+00
6.6921585519702552e-03    1.6101202611785923e+00
6.7495924696486867e-03    1.6158817883574343e+00
6.8088910219765986e-03    1.6218671383712360e+00
6.8681895743045113e-03    1.6278892729693679e+00
6.9293681676550365e-03    1.6341402083972743e+00
6.9905467610055618e-03    1.6404288397698796e+00
7.0536208017518299e-03    1.6469508776686819e+00
7.1166948424980989e-03    1.6535110896954635e+00
7.1816797370132428e-03    1.6603088565663477e+00
7.2466646315283868e-03    1.6671447999745419e+00
7.3135757861855378e-03    1.6742218990360163e+00
7.3804869408426888e-03    1.6813366302927799e+00
7.4493397620149782e-03    1.6886954935587242e+00
7.5181925831872666e-03    1.6960908530957421e+00
7.5890024772478247e-03    1.7037326034727678e+00
7.6598123713083827e-03    1.7114090643788888e+00
7.7325947446303441e-03    1.7193333754033679e+00
7.8053771179523055e-03    1.7272899087415774e+00
7.8427622474305514e-03    1.7313886041588140e+00
7.8801473769087981e-03    1.7354948696764261e+00
7.9175325063870448e-03    1.7396083844864101e+00
7.9549176358652898e-03    1.7437288263807911e+00
7.9933044113473673e-03    1.7479665301579492e+00
8.0316911868294448e-03    1.7522108370462994e+00
8.0700779623115223e-03    1.7564613909045965e+00
8.1084647377935998e-03    1.7607178324050159e+00
8.1478608624660741e-03    1.7650919388500075e+00
8.1872569871385501e-03    1.7694714797760971e+00
8.2266531118110262e-03    1.7738560638241452e+00
8.2660492364835005e-03    1.7782452982316199e+00
8.3064624135329376e-03    1.7827522662034809e+00
8.3468755905823765e-03    1.7872632911630153e+00
8.3872887676318154e-03    1.7917779477114852e+00
8.4277019446812526e-03    1.7962958104557858e+00
8.4691398772942204e-03    1.8009311184693686e+00
8.5105778099071883e-03    1.8055688966346934e+00
8.5520157425201561e-03    1.8102086872955621e+00
8.5934536751331239e-03    1.8148500344955116e+00
8.6359240664961850e-03    1.8196081673298732e+00
8.6783944578592460e-03    1.8243669739649799e+00
8.7208648492223088e-03    1.8291259691168169e+00
8.7633352405853699e-03    1.8338846726980740e+00
8.8068457938850937e-03    1.8387591167515718e+00
8.8503563471848175e-03    1.8436322336323920e+00
8.8938669004845414e-03    1.8485035182525054e+00
8.9373774537842652e-03    1.8533724647282244e+00
8.9819358722072126e-03    1.8583557185561410e+00
9.0264942906301618e-03    1.8633354563589957e+00
9.0710527090531110e-03    1.8683111481040127e+00
9.1156111274760584e-03    1.8732822680335353e+00
9.1612251142087972e-03    1.8783658728207682e+00
9.2068391009415378e-03    1.8834435904462941e+00
9.2524530876742783e-03    1.8885148762116830e+00
9.2980670744070189e-03    1.8935791900948031e+00
9.3447443326361169e-03    1.8987537826550995e+00
9.3914215908652149e-03    1.9039199538156579e+00
9.4380988490943112e-03    1.9090771494164362e+00
9.4847761073234092e-03    1.9142248253572423e+00
9.5325243402354307e-03    1.9194801986471466e+00
9.5802725731474504e-03    1.9247244783147495e+00
9.6280208060594702e-03    1.9299571085336320e+00
9.6757690389714917e-03    1.9351775414062447e+00
9.7245959497530010e-03    1.9405027358779592e+00
9.7734228605345103e-03    1.9458140526104168e+00
9.8222497713160196e-03    1.9511109397498039e+00
9.8710766820975290e-03    1.9563928563779300e+00
9.9209899739350939e-03    1.9617762693619152e+00
9.9709032657726571e-03    1.9671429343002049e+00
1.0020816557610220e-02    1.9724923127268081e+00
1.0070729849447785e-02    1.9778238793951703e+00
1.0121737225527970e-02    1.9832533779716015e+00
1.0172744601608155e-02    1.9886632067780092e+00
1.0223751977688340e-02    1.9940528489078295e+00
1.0274759353768525e-02    1.9994218031270274e+00
1.0326868517277894e-02    2.0048848577260787e+00
1.0378977680787264e-02    2.0103253043473215e+00
1.0431086844296635e-02    2.0157426551665991e+00
1.0483196007806006e-02    2.0211364408075565e+00
1.0536414661931129e-02    2.0266202680602858e+00
1.0589633316056252e-02    2.0320785668933996e+00
1.0696070624306499e-02    2.0429167975441178e+00
1.0804742320161377e-02    2.0538718264534146e+00
1.0913414016016256e-02    2.0647116709443707e+00
1.1024335505848901e-02    2.0756539866117749e+00
1.1135256995681547e-02    2.0864702103734323e+00
1.1248443685865089e-02    2.0973746176291357e+00
1.1361630376048631e-02    2.1081425328938148e+00
1.1477097672956200e-02    2.1189845234053539e+00
1.1592564969863771e-02    2.1296802366946745e+00
1.1710328279868502e-02    2.1404362348393420e+00
1.1828091589873234e-02    2.1510369048390428e+00
1.1948166342002412e-02    2.1616845267508515e+00
1.2068241094131592e-02    2.1721685731255618e+00
1.2190741359550301e-02    2.1826952084561344e+00
1.2313241624969011e-02    2.1930506238642740e+00
1.2438448876647273e-02    2.2034578749199980e+00
1.2563656128325534e-02    2.2136864162223593e+00
1.2691843329569616e-02    2.2239737747943304e+00
1.2820030530813698e-02    2.2340751307899516e+00
1.2951470644929871e-02    2.2442407810151930e+00
1.3082910759046044e-02    2.2542133592430025e+00
1.3217876749340576e-02    2.2642542302734365e+00
1.3352842739635105e-02    2.2740952037352455e+00
1.3491607569414260e-02    2.2840070454847856e+00
1.3630372399193414e-02    2.2937124550027068e+00
1.3773209031763461e-02    2.3034899513992437e+00
1.3916045664333507e-02    2.3130548287284372e+00
1.4063227063000712e-02    2.3226917520950972e+00
1.4210408461667916e-02    2.3321102453111511e+00
1.4362207589738550e-02    2.3415995556187816e+00
1.4514006717809183e-02    2.3508650636328143e+00
1.4670696538589514e-02    2.3601991016676171e+00
1.4827386359369844e-02    2.3693044607036162e+00
1.4989239836166131e-02    2.3784751480566153e+00
1.5151093312962419e-02    2.3874128171902393e+00
1.5318383409080937e-02    2.3964117471004989e+00
1.5485673505199454e-02    2.4051739009428048e+00
1.5601006624364129e-02    2.4110800283190170e+00
1.5716339743528804e-02    2.4168785340262913e+00
1.5831672862693481e-02    2.4225714058212642e+00
1.5950994345814665e-02    2.4283520620084427e+00
1.6070315828935845e-02    2.4340239205700347e+00
1.6189637312057029e-02    2.4395891173325004e+00
1.6313129134672234e-02    2.4452387549348318e+00
1.6436620957287439e-02    2.4507787267835490e+00
1.6560112779902644e-02    2.4562113112818449e+00
1.6687956917549381e-02    2.4617246174077394e+00
1.6815801055196120e-02    2.4671276970350950e+00
1.6943645192842857e-02    2.4724229695563453e+00
1.7076023621058641e-02    2.4777949647467712e+00
1.7208402049274426e-02    2.4830564989903956e+00
1.7340780477490211e-02    2.4882101109219841e+00
1.7477875171812547e-02    2.4934362308856590e+00
1.7614969866134884e-02    2.4985519847953297e+00
1.7752064560457220e-02    2.5035600247368115e+00
1.7894057496423622e-02    2.5086362045334063e+00
1.8036050432390028e-02    2.5136024265057775e+00
1.8178043368356430e-02    2.5184614408185300e+00
1.8325116521504412e-02    2.5233841412496463e+00
1.8472189674652393e-02    2.5281976255357779e+00
1.8619262827800374e-02    2.5329047316256137e+00
1.8771598173667445e-02    2.5376710463172918e+00
1.8923933519534520e-02    2.5423291921767053e+00
1.9076268865401591e-02    2.5468820911213879e+00
1.9234048379525262e-02    2.5514897627420647e+00
1.9391827893648936e-02    2.5559906267711567e+00
1.9549607407772607e-02    2.5603876655935514e+00
1.9713013065690396e-02    2.5648351367092048e+00
1.9876418723608187e-02    2.5691774719676048e+00
2.0039824381525975e-02    2.5734176997401144e+00
2.0209038158775387e-02    2.5777041632198170e+00
2.0378251936024799e-02    2.5818874580409279e+00
2.0547465713274211e-02    2.5859706484617955e+00
2.0722669585392758e-02    2.5900960728287372e+00
2.0897873457511304e-02    2.5941205832126313e+00
2.1073077329629850e-02    2.5980472805118899e+00
2.1254453272155055e-02    2.6020124714288215e+00
2.1435829214680256e-02    2.6058792894463476e+00
2.1617205157205461e-02    2.6096508576763982e+00
2.1898800139909497e-02    2.6153247452744397e+00
2.2180395122613529e-02    2.6207871902561197e+00
2.2471794137540069e-02    2.6262282162721391e+00
2.2763193152466610e-02    2.6314648040395419e+00
2.3064669162921925e-02    2.6366783432154635e+00
2.3366145173377241e-02    2.6416950618144708e+00
2.3677971142667599e-02    2.6466879621485377e+00
2.3989797111957957e-02    2.6514922753676804e+00
2.4312246003389625e-02    2.6562729380514245e+00
2.4634694894821289e-02    2.6608738806907084e+00
2.4968039671700533e-02    2.6654523037289004e+00
2.5301384448579774e-02    2.6698604697228991e+00
2.5645898074212869e-02    2.6742483055652282e+00
2.5990411699845964e-02    2.6784759396040192e+00
2.6346367137539163e-02    2.6826864733473870e+00
2.6702322575232362e-02    2.6867474064402304e+00
2.7069992788291940e-02    2.6907955483567858e+00
2.7437663001351514e-02    2.6947051807641595e+00
2.7817559765621835e-02    2.6986097691980007e+00
2.8197456529892154e-02    2.7023871938258925e+00
2.8592041635799488e-02    2.7061863195721187e+00
2.8986626741706819e-02    2.7098687044874019e+00
2.9399227513412517e-02    2.7136046124513773e+00
2.9811828285118216e-02    2.7172332634949097e+00
3.0245768821424428e-02    2.7209441302807811e+00
3.0679709357730636e-02    2.7245567895106779e+00
3.1138313757439501e-02    2.7282783209755062e+00
3.1596918157148365e-02    2.7319105855349983e+00
3.2083510519062025e-02    2.7356771283304342e+00
3.2570102880975692e-02    2.7393634015981725e+00
3.3088007303896314e-02    2.7432086968753664e+00
3.3605911726816935e-02    2.7469827574729360e+00
3.4158452309546630e-02    2.7509402466739048e+00
3.4710992892276325e-02    2.7548353871876960e+00
3.5301493733617254e-02    2.7589380845474714e+00
3.5891994574958182e-02    2.7629868066846086e+00
3.6523779773712475e-02    2.7672667566172389e+00
3.7155564972466776e-02    2.7715001574664684e+00
3.7831958627436602e-02    2.7759876142638320e+00
3.8508352282406427e-02    2.7804344925261049e+00
3.9232678492393910e-02    2.7851568775917217e+00
3.9957004702381393e-02    2.7898427186422472e+00
4.0732587566188687e-02    2.7948235400567878e+00
4.1508170429995980e-02    2.7997695188812326e+00
4.2338334046425244e-02    2.8050273818910596e+00
4.3168497662854514e-02    2.8102494641466618e+00
4.4056566130707853e-02    2.8157972106485714e+00
4.4944634598561198e-02    2.8213054498605930e+00
4.5893932016640784e-02    2.8271495751384217e+00
4.6843229434720364e-02    2.8329476545348391e+00
4.7857079901828324e-02    2.8390879679163294e+00
4.8870930368936284e-02    2.8451730129961028e+00
4.9952657983874785e-02    2.8516025945552181e+00
5.1034385598813278e-02    2.8579652210182211e+00
5.2187314460384437e-02    2.8646706224744065e+00
5.3340243321955604e-02    2.8712952805877485e+00
5.4567697528961581e-02    2.8782570131558813e+00
5.5795151735967566e-02    2.8851225136364094e+00
5.7100455387210508e-02    2.8923156939557537e+00
5.8405759038453443e-02    2.8993959395482718e+00
5.9792236232735482e-02    2.9067911417024410e+00
6.1178713427017528e-02    2.9140559905073382e+00
6.2649688263140865e-02    2.9216202227263270e+00
6.4120663099264202e-02    2.9290364710916355e+00
6.5679459676030894e-02    2.9367341431761718e+00
6.7238256252797585e-02    2.9442664826933349e+00
6.8888198669009804e-02    2.9520604798546488e+00
7.0538141085222036e-02    2.9596725394689321e+00
7.2282553439681929e-02    2.9675252306283109e+00
7.4026965794141836e-02    2.9751805052331881e+00
7.5869172185651562e-02    2.9830546607178983e+00
7.7711378577161302e-02    2.9907173850952216e+00
7.9654703104522995e-02    2.9985770177724644e+00
8.1598027631884701e-02    3.0062129293699611e+00
8.3645794393900505e-02    3.0140240037503934e+00
8.5693561155916309e-02    3.0216009738677139e+00
8.7849094251388440e-02    3.0293319696054817e+00
9.0004627346860572e-02    3.0368204938085439e+00
9.2271250874591038e-02    3.0444428414472666e+00
9.4537874402321517e-02    3.0518164069566005e+00
9.6918912461112533e-02    3.0593047727662697e+00
9.9299950519903549e-02    3.0665400819977253e+00
1.0429750389721096e-01    3.0809496177681712e+00
1.0953718273184804e-01    3.0950099056285039e+00
1.1502563522141906e-01    3.1086925025658965e+00
1.2076950956352833e-01    3.1219753927189626e+00
1.2689434107668129e-01    3.1350875078531240e+00
1.3301917258983426e-01    3.1472248155073750e+00
1.4213282745601000e-01    3.1636932124625305e+00
1.5124648232218574e-01    3.1785070088065011e+00
1.6036013718836148e-01    3.1919035170397447e+00
1.6717936838803610e-01    3.2011207400511195e+00
1.7399859958771072e-01    3.2097278699211396e+00
1.8763706198705993e-01    3.2253564596857487e+00
2.0127552438640917e-01    3.2392118045155844e+00
2.1449226929109555e-01    3.2512632637661283e+00
2.2770901419578196e-01    3.2622089504052378e+00
2.4092575910046837e-01    3.2722491780870211e+00
2.5414250400515476e-01    3.2815494463480328e+00
2.6994143947031085e-01    3.2918870339159647e+00
2.8574037493546695e-01    3.3015582842401585e+00
3.1733824586577913e-01    3.3195100783400564e+00
3.5328908282762067e-01    3.3386431559185499e+00
3.8923991978946221e-01    3.3572842677490833e+00
4.2873230769342308e-01    3.3778907141524721e+00
4.6822469559738389e-01    3.3990913817545767e+00
5.5266974311072403e-01    3.4475422279856938e+00
6.4095223215066255e-01    3.5035581113416141e+00
7.3144933253838174e-01    3.5666496105544776e+00
8.2253821409505656e-01    3.6351963391927584e+00
9.1259604664186955e-01    3.7067282349017314e+00
1.0000000000000002e+00    3.7783262928354326e+00
