# K is  3.7782851802846920e+00
# Error estimate is 2.3124924369133382e-04
# s, K(s)
0.0000000000000000e+00    0.0000000000000000e+00
1.4307760328795741e-05    7.7541157388037307e-03
2.9251004161933851e-05    1.5932369934693449e-02
4.4817388288361318e-05    2.4536500051914469e-02
6.0994569497025133e-05    3.3567809787005590e-02
7.7770204576872297e-05    4.3027065607702822e-02
9.5131950316849811e-05    5.2914393049449060e-02
1.1306746350590464e-04    6.3229173386566431e-02
1.3156440093298381e-04    7.3969936383688123e-02
1.5061041938703429e-04    8.5134271169629544e-02
1.7019317565700309e-04    9.6718730463821845e-02
1.9030032653183723e-04    1.0871873836521248e-01
2.1091952880048366e-04    1.2112852137856885e-01
2.3203843925188937e-04    1.3394102936258406e-01
2.5364471467500144e-04    1.4714787967844165e-01
2.7572601185876669e-04    1.6073931544762626e-01
2.9826998759213230e-04    1.7470417195203825e-01
3.2126429866404519e-04    1.8902985986474444e-01
3.4469660186345227e-04    2.0370236474223921e-01
3.6855455397930069e-04    2.1870626628631318e-01
3.9282581180053735e-04    2.3402477086849707e-01
4.1749803211610928e-04    2.4963976393934492e-01
4.4255887171496336e-04    2.6553188270380845e-01
4.6799598738604681e-04    2.8168060209120227e-01
4.9379703591830644e-04    2.9806433940892085e-01
5.1994967410068924e-04    3.1466057459485502e-01
5.4644155872214228e-04    3.3144598207779280e-01
5.7326034657161269e-04    3.4839657752666170e-01
6.0039369443804706e-04    3.6548786950756063e-01
6.2782925911039275e-04    3.8269502117682436e-01
6.5555469737759667e-04    3.9999301577459323e-01
6.8355766602860597e-04    4.1735682012677988e-01
7.1182582185236711e-04    4.3476154986919374e-01
7.4034682163782756e-04    4.5218263088649596e-01
7.6910832217393424e-04    4.6959595281741817e-01
7.9817819354249732e-04    4.8702586136764109e-01
8.2813669461830736e-04    5.0479761184094374e-01
8.5907408398614121e-04    5.2293471878059405e-01
8.9095672454696890e-04    5.4138541664262052e-01
9.2375097920176013e-04    5.6009773091932247e-01
9.5742321085148492e-04    5.7901990604281228e-01
9.9193978239711308e-04    5.9810085365605725e-01
1.0272670567396149e-03    6.1729054953437734e-01
1.0633713967799603e-03    6.3654044558535372e-01
1.1002191654191184e-03    6.5580384724089480e-01
1.1377767255580599e-03    6.7503622495860649e-01
1.1760104400977548e-03    6.9419549166776962e-01
1.2148866719391730e-03    7.1324221287452472e-01
1.2543717839832839e-03    7.3213980070524709e-01
1.2944321391310579e-03    7.5085461744363313e-01
1.3350341002834653e-03    7.6935603453491141e-01
1.3761440303414751e-03    7.8761645125822366e-01
1.4177282922060578e-03    8.0561124613849588e-01
1.4597532487781830e-03    8.2331872584775956e-01
1.5021852629588210e-03    8.4072000254089119e-01
1.5449906976489425e-03    8.5779885442382264e-01
1.5881359157495156e-03    8.7454161047092893e-01
1.6315872801615113e-03    8.9093695901972547e-01
1.6753111537858999e-03    9.0697575883879900e-01
1.7192738995236508e-03    9.2265086210866865e-01
1.7634418802757340e-03    9.3795694470862800e-01
1.8077814589431192e-03    9.5289033288119940e-01
1.8522589984267769e-03    9.6744882295960888e-01
1.8968408616276769e-03    9.8163149556078733e-01
1.9414934114467882e-03    9.9543859326909745e-01
1.9861830107850823e-03    1.0088713842995880e+00
2.0308760225435278e-03    1.0219320049601541e+00
2.0755388096230965e-03    1.0346233474553641e+00
2.1201377349247554e-03    1.0469489608301734e+00
2.1648049367069097e-03    1.0589569210040641e+00
2.2097037632551756e-03    1.0706990476390994e+00
2.2548457075617120e-03    1.0821842107948474e+00
2.3002422621205376e-03    1.0934208876480407e+00
2.3459049194256708e-03    1.1044171440416435e+00
2.3918451719711306e-03    1.1151806903160546e+00
2.4380745122509354e-03    1.1257188669995357e+00
2.4846044327591025e-03    1.1360386908239481e+00
2.5314464259896517e-03    1.1461468665176779e+00
2.5786119844366006e-03    1.1560497910818950e+00
2.6261126005939677e-03    1.1657535821104992e+00
2.6739597669557715e-03    1.1752640956138918e+00
2.7221649760160310e-03    1.1845869591456479e+00
2.7707397202687643e-03    1.1937275928404847e+00
2.8196954922079902e-03    1.2026912068425124e+00
2.8690437843277255e-03    1.2114828517945229e+00
2.9187960891219906e-03    1.2201074113352484e+00
2.9689638990848034e-03    1.2285696120789118e+00
3.0195587067101820e-03    1.2368740948896668e+00
3.0705920044921441e-03    1.2450254232394815e+00
3.1220752849247099e-03    1.2530280963642539e+00
3.1740200405018966e-03    1.2608865541917391e+00
3.2264377637177236e-03    1.2686052057072743e+00
3.2793399470662080e-03    1.2761884653507165e+00
3.3327380830413694e-03    1.2836407937410741e+00
3.3866436641372265e-03    1.2909666783948288e+00
3.4410681828477962e-03    1.2981706575380114e+00
3.4960231316670974e-03    1.3052573636635105e+00
3.5515200030891490e-03    1.3122315432559957e+00
3.6075702896079700e-03    1.3190980758099278e+00
3.6641854837175794e-03    1.3258619798456417e+00
3.7213770779119921e-03    1.3325284635563883e+00
3.7791565646852301e-03    1.3391029064020961e+00
3.8374813149219832e-03    1.3455849392200505e+00
3.8956930452680345e-03    1.3519088367768826e+00
3.9536636623042310e-03    1.3580709109098881e+00
4.0114818209591382e-03    1.3640906241652833e+00
4.0692361761613212e-03    1.3699863523567577e+00
4.1270153828393474e-03    1.3757755132427543e+00
4.1849080959217777e-03    1.3814747127699221e+00
4.2430029703371779e-03    1.3870998354208819e+00
4.3013886610141173e-03    1.3926661519292913e+00
4.3601538228811576e-03    1.3981884293586211e+00
4.4193871108668637e-03    1.4036810178659826e+00
4.4791771798998016e-03    1.4091579370039327e+00
4.5396126849085372e-03    1.4146329641222994e+00
4.6007822808216345e-03    1.4201196999475516e+00
4.6627746225676595e-03    1.4256316502306274e+00
4.7256783650751763e-03    1.4311822977200399e+00
4.7895821632727527e-03    1.4367851565579599e+00
4.8545746720889491e-03    1.4424538368694579e+00
4.9207445464523351e-03    1.4482021027278094e+00
4.9881804412914748e-03    1.4540439147065285e+00
5.0569710115349305e-03    1.4599934798318346e+00
5.1272049121112717e-03    1.4660652921072386e+00
5.1989707979490599e-03    1.4722741606179348e+00
5.2723573239768610e-03    1.4786352466212163e+00
5.3474531451232436e-03    1.4851640788719276e+00
5.4243469163167690e-03    1.4918765640772609e+00
5.5031272924860025e-03    1.4987890037727001e+00
5.5838829285595106e-03    1.5059180872392459e+00
5.6667024794658585e-03    1.5132808730014207e+00
5.7516746001336095e-03    1.5208947795359560e+00
5.8388879454913320e-03    1.5287775641265464e+00
5.9284311704675911e-03    1.5369472713856138e+00
6.0203929299909474e-03    1.5454221922795928e+00
6.1148618789899694e-03    1.5542208014330054e+00
6.2119297309287365e-03    1.5633619645556764e+00
6.3121886165523793e-03    1.5729125390355190e+00
6.4160535204899312e-03    1.5829244349493015e+00
6.5235552554876574e-03    1.5934133051983685e+00
6.6347246342918238e-03    1.6043943067767290e+00
6.7495924696486867e-03    1.6158818469551117e+00
6.8681895743045113e-03    1.6278893286561538e+00
6.9905467610055618e-03    1.6404288940956553e+00
7.1166948424980989e-03    1.6535111436629606e+00
7.2466646315283868e-03    1.6671448506984592e+00
7.3804869408426888e-03    1.6813366818216824e+00
7.5181925831872666e-03    1.6960909021658752e+00
7.6598123713083827e-03    1.7114091126638549e+00
7.8053771179523055e-03    1.7272899550682890e+00
7.9549176358652898e-03    1.7437288753477174e+00
8.1084647377935998e-03    1.7607178800320602e+00
8.2660492364835005e-03    1.7782453433344214e+00
8.4277019446812526e-03    1.7962958530587518e+00
8.5934536751331239e-03    1.8148500718005074e+00
8.7633352405853699e-03    1.8338847105005109e+00
8.9373774537842652e-03    1.8533725109076395e+00
9.1156111274760584e-03    1.8732823159496872e+00
9.2980670744070189e-03    1.8935792399826914e+00
9.4847761073234092e-03    1.9142248790765273e+00
9.6757690389714917e-03    1.9351775946695409e+00
9.8710766820975290e-03    1.9563929066329866e+00
1.0070729849447785e-02    1.9778239311323800e+00
1.0274759353768525e-02    1.9994218560920107e+00
1.0483196007806006e-02    2.0211364998054098e+00
1.0696070624306499e-02    2.0429168621399811e+00
1.0913414016016256e-02    2.0647117273069369e+00
1.1135256995681547e-02    2.0864702631269276e+00
1.1361630376048631e-02    2.1081425852727937e+00
1.1592564969863771e-02    2.1296802872718406e+00
1.1828091589873234e-02    2.1510369559665072e+00
1.2068241094131592e-02    2.1721686273450285e+00
1.2313241624969011e-02    2.1930506793393869e+00
1.2563656128325534e-02    2.2136864721786265e+00
1.2820030530813698e-02    2.2340751844789217e+00
1.3082910759046044e-02    2.2542134110179415e+00
1.3352842739635105e-02    2.2740952601869968e+00
1.3630372399193414e-02    2.2937125138670735e+00
1.3916045664333507e-02    2.3130548963999833e+00
1.4210408461667916e-02    2.3321103175315603e+00
1.4514006717809183e-02    2.3508651395513698e+00
1.4827386359369844e-02    2.3693045519643898e+00
1.5151093312962419e-02    2.3874129011786507e+00
1.5485673505199454e-02    2.4051740071077621e+00
1.5831672862693481e-02    2.4225715146634621e+00
1.6189637312057029e-02    2.4395892231602065e+00
1.6560112779902644e-02    2.4562114111473283e+00
1.6943645192842857e-02    2.4724230786570924e+00
1.7340780477490211e-02    2.4882102175489642e+00
1.7752064560457220e-02    2.5035601343212650e+00
1.8178043368356430e-02    2.5184615501156369e+00
1.8619262827800374e-02    2.5329048351337824e+00
1.9076268865401591e-02    2.5468822079391598e+00
1.9549607407772607e-02    2.5603877877852055e+00
2.0039824381525975e-02    2.5734178177805869e+00
2.0547465713274211e-02    2.5859707537414840e+00
2.1073077329629850e-02    2.5980473825308183e+00
2.1617205157205461e-02    2.6096509541901658e+00
2.2180395122613529e-02    2.6207872795494316e+00
2.2763193152466610e-02    2.6314648903074755e+00
2.3366145173377241e-02    2.6416951497543080e+00
2.3989797111957957e-02    2.6514923635368812e+00
2.4634694894821289e-02    2.6608739548496922e+00
2.5301384448579774e-02    2.6698605488873826e+00
2.5990411699845964e-02    2.6784760160837284e+00
2.6702322575232362e-02    2.6867474922974091e+00
2.7437663001351514e-02    2.6947052676120751e+00
2.8197456529892154e-02    2.7023872799089892e+00
2.8986626741706819e-02    2.7098688020385993e+00
2.9811828285118216e-02    2.7172333573647176e+00
3.0679709357730636e-02    2.7245568854732078e+00
3.1596918157148365e-02    2.7319106797480970e+00
3.2570102880975692e-02    2.7393634937721703e+00
3.3605911726816935e-02    2.7469828440235595e+00
3.4710992892276325e-02    2.7548354655129659e+00
3.5891994574958182e-02    2.7629868784467426e+00
3.7155564972466776e-02    2.7715002208838277e+00
3.8508352282406427e-02    2.7804345484147581e+00
3.9957004702381393e-02    2.7898427633570506e+00
4.1508170429995980e-02    2.7997695543649290e+00
4.3168497662854514e-02    2.8102494895704542e+00
4.4944634598561198e-02    2.8213054670597257e+00
4.6843229434720364e-02    2.8329476639279658e+00
4.8870930368936284e-02    2.8451730168611231e+00
5.1034385598813278e-02    2.8579652234333968e+00
5.3340243321955604e-02    2.8712952824554918e+00
5.5795151735967566e-02    2.8851225158888827e+00
5.8405759038453443e-02    2.8993959410011292e+00
6.1178713427017528e-02    2.9140560071406814e+00
6.4120663099264202e-02    2.9290364904399078e+00
6.7238256252797585e-02    2.9442665032170008e+00
7.0538141085222036e-02    2.9596725594300812e+00
7.4026965794141836e-02    2.9751805282456396e+00
7.7711378577161302e-02    2.9907174120894018e+00
8.1598027631884701e-02    3.0062129608792625e+00
8.5693561155916309e-02    3.0216010073438380e+00
9.0004627346860572e-02    3.0368205303787987e+00
9.4537874402321517e-02    3.0518164445899427e+00
9.9299950519903549e-02    3.0665401193451731e+00
1.0429750389721096e-01    3.0809496551733910e+00
1.0953718273184804e-01    3.0950099428835838e+00
1.1502563522141906e-01    3.1086925404226169e+00
1.2076950956352833e-01    3.1219754280671843e+00
1.3301917258983426e-01    3.1472249657378111e+00
1.6036013718836148e-01    3.1919004097084152e+00
2.0127552438640917e-01    3.2391958912472387e+00
2.5414250400515476e-01    3.2815221699551715e+00
3.1733824586577913e-01    3.3194769270728695e+00
3.8923991978946221e-01    3.3572451741106630e+00
4.6822469559738389e-01    3.3990485086938844e+00
5.5266974311072403e-01    3.4475016606750164e+00
6.4095223215066255e-01    3.5035168556662182e+00
7.3144933253838174e-01    3.5666085508270489e+00
8.2253821409505656e-01    3.6351552253031385e+00
9.1259604664186955e-01    3.7066871384758069e+00
1.0000000000000002e+00    3.7782851802846920e+00
