# Total adiabatic path length is 1.8290518758365828e+00
# Error estimate is 1.1197022494746633e-05
# s, l(s)
0.0000000000000000e+00    0.0000000000000000e+00
3.5769400821989354e-06    1.4795606407886337e-03
7.1538801643978707e-06    2.9513594029447372e-03
1.0730820246596806e-05    4.4154512166079381e-03
1.4307760328795741e-05    5.8718909374724125e-03
1.8043571287080267e-05    7.3849086228566334e-03
2.1779382245364795e-05    8.8897008852390665e-03
2.5515193203649323e-05    1.0386329441656223e-02
2.9251004161933851e-05    1.1874855744339424e-02
3.3142600193540716e-05    1.3416904168776887e-02
3.7034196225147586e-05    1.4950295774557953e-02
4.0925792256754455e-05    1.6475099098407595e-02
4.4817388288361318e-05    1.7991382333852165e-02
4.8861683590527275e-05    1.9558206571593514e-02
5.2905978892693225e-05    2.1115978069726152e-02
5.6950274194859175e-05    2.2664772248758878e-02
6.0994569497025133e-05    2.4204664057154865e-02
6.5188478266986927e-05    2.5792199362665507e-02
6.9382387036948708e-05    2.7370324330756177e-02
7.3576295806910503e-05    2.8939121092217013e-02
7.7770204576872297e-05    3.0498671204196328e-02
8.2110641011866672e-05    3.2103058827289963e-02
8.6451077446861047e-05    3.3697718806819529e-02
9.0791513881855436e-05    3.5282739926817686e-02
9.5131950316849811e-05    3.6858210380978453e-02
9.9615828614113523e-05    3.8475810247221416e-02
1.0409970691137722e-04    4.0083407249713682e-02
1.0858358520864093e-04    4.1681096757518007e-02
1.1306746350590464e-04    4.3268972537131578e-02
1.1769169786267444e-04    4.4896372500754636e-02
1.2231593221944423e-04    4.6513537164772606e-02
1.2694016657621401e-04    4.8120567525092070e-02
1.3156440093298381e-04    4.9717564532298517e-02
1.3632590554649642e-04    5.1351588805953391e-02
1.4108741016000906e-04    5.2975188021146556e-02
1.4584891477352168e-04    5.4588469457705381e-02
1.5061041938703429e-04    5.6191538894252470e-02
1.5550610845452650e-04    5.7829247674696813e-02
1.6040179752201871e-04    5.9456385520311537e-02
1.6529748658951088e-04    6.1073064816089838e-02
1.7019317565700309e-04    6.2679396883796590e-02
1.7521996337571162e-04    6.4318092737476643e-02
1.8024675109442017e-04    6.5946113856782798e-02
1.8527353881312870e-04    6.7563577907406164e-02
1.9030032653183723e-04    6.9170600307731145e-02
1.9545512709899884e-04    7.0807823342619786e-02
2.0060992766616044e-04    7.2434309516907130e-02
2.0576472823332205e-04    7.4050180027603121e-02
2.1091952880048366e-04    7.5655555006325120e-02
2.1619925641333510e-04    7.7289080394114806e-02
2.2147898402618651e-04    7.8911846406875971e-02
2.2675871163903793e-04    8.0523978053427564e-02
2.3203843925188937e-04    8.2125599007277367e-02
2.3744000810766737e-04    8.3753431111667193e-02
2.4284157696344541e-04    8.5370519477631468e-02
2.4824314581922344e-04    8.6976992207270162e-02
2.5364471467500144e-04    8.8572976029627687e-02
2.5916503897094274e-04    9.0193341221350629e-02
2.6468536326688409e-04    9.1803014265146476e-02
2.7020568756282539e-04    9.3402125819130169e-02
2.7572601185876669e-04    9.4990805053186925e-02
2.8136200579210807e-04    9.6602142753209594e-02
2.8699799972544950e-04    9.8202873810616334e-02
2.9263399365879092e-04    9.9793130614774170e-02
2.9826998759213230e-04    1.0137304422548980e-01
3.0401856536011054e-04    1.0297399707559897e-01
3.0976714312808877e-04    1.0456445980081201e-01
3.1551572089606695e-04    1.0614456631554135e-01
3.2126429866404519e-04    1.0771444889425860e-01
3.2712237446389696e-04    1.0930385185941778e-01
3.3298045026374873e-04    1.1088290991974636e-01
3.3883852606360050e-04    1.1245175780972431e-01
3.4469660186345227e-04    1.1401052870273659e-01
3.5066108989241436e-04    1.1558739722783178e-01
3.5662557792137651e-04    1.1715409200054255e-01
3.6259006595033860e-04    1.1871074817195862e-01
3.6855455397930069e-04    1.2025749895545230e-01
3.7158846120695528e-04    1.2104051350776378e-01
3.7462236843460988e-04    1.2182101636964449e-01
3.7765627566226448e-04    1.2259902456238510e-01
3.8069018288991902e-04    1.2337455493198633e-01
3.8372409011757356e-04    1.2414762426063644e-01
3.8675799734522816e-04    1.2491824922252637e-01
3.8979190457288275e-04    1.2568644639128504e-01
3.9282581180053735e-04    1.2645223220099197e-01
3.9590983933998386e-04    1.2722821416474922e-01
3.9899386687943032e-04    1.2800173835240777e-01
4.0207789441887678e-04    1.2877282173955817e-01
4.0516192195832329e-04    1.2954148105985519e-01
4.0824594949776980e-04    1.3030773288384834e-01
4.1132997703721631e-04    1.3107159390473505e-01
4.1441400457666283e-04    1.3183308059044485e-01
4.1749803211610928e-04    1.3259220919770626e-01
4.2063063706596602e-04    1.3336089765891426e-01
4.2376324201582282e-04    1.3412718684577854e-01
4.2689584696567955e-04    1.3489109362263593e-01
4.3002845191553629e-04    1.3565263449316084e-01
4.3316105686539309e-04    1.3641182597686960e-01
4.3629366181524982e-04    1.3716868452126621e-01
4.3942626676510656e-04    1.3792322640566912e-01
4.4255887171496336e-04    1.3867546779476767e-01
4.4573851117384879e-04    1.3943666765105200e-01
4.4891815063273423e-04    1.4019553066540441e-01
4.5209779009161967e-04    1.4095207338170482e-01
4.5527742955050511e-04    1.4170631217538440e-01
4.5845706900939055e-04    1.4245826344296889e-01
4.6163670846827593e-04    1.4320794336201409e-01
4.6481634792716137e-04    1.4395536795661584e-01
4.6799598738604681e-04    1.4470055327034556e-01
4.7122111845257925e-04    1.4545412869348026e-01
4.7444624951911170e-04    1.4620543305582848e-01
4.7767138058564420e-04    1.4695448268646438e-01
4.8089651165217665e-04    1.4770129362099615e-01
4.8412164271870910e-04    1.4844588196713424e-01
4.8734677378524155e-04    1.4918826367228527e-01
4.9057190485177400e-04    1.4992845446775022e-01
4.9379703591830644e-04    1.5066647015965776e-01
4.9706611569110427e-04    1.5141233895560324e-01
5.0033519546390220e-04    1.5215600506435217e-01
5.0360427523670002e-04    1.5289748456580224e-01
5.0687335500949784e-04    1.5363679331274840e-01
5.1014243478229567e-04    1.5437394704983931e-01
5.1341151455509349e-04    1.5510896130308918e-01
5.1668059432789142e-04    1.5584185176264198e-01
5.1994967410068924e-04    1.5657263380624334e-01
5.2326115967837091e-04    1.5731076126284221e-01
5.2657264525605247e-04    1.5804675673058879e-01
5.2988413083373414e-04    1.5878063582672750e-01
5.3319561641141581e-04    1.5951241400304392e-01
5.3650710198909738e-04    1.6024210672614303e-01
5.3981858756677905e-04    1.6096972930798309e-01
5.4313007314446072e-04    1.6169529691703813e-01
5.4644155872214228e-04    1.6241882466539226e-01
5.4979390720332605e-04    1.6314921803418933e-01
5.5314625568450983e-04    1.6387755152317171e-01
5.5649860416569371e-04    1.6460384053199237e-01
5.5985095264687748e-04    1.6532810017493321e-01
5.6320330112806126e-04    1.6605034549848927e-01
5.6655564960924514e-04    1.6677059141080117e-01
5.6990799809042891e-04    1.6748885278005010e-01
5.7326034657161269e-04    1.6820514433982994e-01
5.7665201505491693e-04    1.6892784759802326e-01
5.8004368353822128e-04    1.6964856431540470e-01
5.8343535202152563e-04    1.7036730952830492e-01
5.8682702050482987e-04    1.7108409797883553e-01
5.9021868898813412e-04    1.7179894419663971e-01
5.9361035747143847e-04    1.7251186283015096e-01
5.9700202595474282e-04    1.7322286823034913e-01
6.0039369443804706e-04    1.7393197466034721e-01
6.0382314002209024e-04    1.7464706295931137e-01
6.0725258560613343e-04    1.7536023892384331e-01
6.1068203119017672e-04    1.7607151693420206e-01
6.1411147677421991e-04    1.7678091134136137e-01
6.1754092235826309e-04    1.7748843641513867e-01
6.2097036794230638e-04    1.7819410618079001e-01
6.2782925911039275e-04    1.7959993570911625e-01
6.3129493889379324e-04    1.8030751141728854e-01
6.3476061867719373e-04    1.8101324904073193e-01
6.4169197824399471e-04    1.8241926603866293e-01
6.4862333781079569e-04    1.8381809725746032e-01
6.5555469737759667e-04    1.8520985153528929e-01
6.6255543954034900e-04    1.8660846276173226e-01
6.6955618170310132e-04    1.8800007265684446e-01
6.7655692386585364e-04    1.8938478800030500e-01
6.8355766602860597e-04    1.9076271381988597e-01
6.9062470498454625e-04    1.9214690794000824e-01
6.9769174394048654e-04    1.9352439404993213e-01
7.0475878289642682e-04    1.9489527493555206e-01
7.1182582185236711e-04    1.9625965186446923e-01
7.1657932181661054e-04    1.9717376372656273e-01
7.2133282178085396e-04    1.9808500826274422e-01
7.2608632174509728e-04    1.9899341453912095e-01
7.3083982170934071e-04    1.9989901237545768e-01
7.3559332167358413e-04    2.0080183127804943e-01
7.4034682163782756e-04    2.0170189916192549e-01
7.4514040506051208e-04    2.0260679981501509e-01
7.4993398848319649e-04    2.0350896079042960e-01
7.5472757190588090e-04    2.0440841039995897e-01
7.5952115532856531e-04    2.0530517691921860e-01
7.6431473875124972e-04    2.0619928830935197e-01
7.6910832217393424e-04    2.0709077197952538e-01
7.7395330073536149e-04    2.0798917122622523e-01
7.7879827929678864e-04    2.0888494158120516e-01
7.8364325785821578e-04    2.0977811086690132e-01
7.8848823641964293e-04    2.1066870603462853e-01
7.9333321498107007e-04    2.1155675382195582e-01
7.9817819354249732e-04    2.1244228103620344e-01
8.0317127705513240e-04    2.1335226815092184e-01
8.0816436056776737e-04    2.1425963456139221e-01
8.1315744408040234e-04    2.1516440833444017e-01
8.1815052759303731e-04    2.1606661764029436e-01
8.2314361110567228e-04    2.1696628987004909e-01
8.2813669461830736e-04    2.1786345190616596e-01
8.3329292617961306e-04    2.1878732278961638e-01
8.3844915774091864e-04    2.1970857496994037e-01
8.4360538930222423e-04    2.2062723716588578e-01
8.4876162086352993e-04    2.2154333842952753e-01
8.5391785242483562e-04    2.2245690689497699e-01
8.5907408398614121e-04    2.2336797026607971e-01
8.6438785741294586e-04    2.2430427832010660e-01
8.6970163083975041e-04    2.2523798512658447e-01
8.7501540426655506e-04    2.2616912009550696e-01
8.8032917769335971e-04    2.2709771238161652e-01
8.8564295112016425e-04    2.2802379070889928e-01
8.9095672454696890e-04    2.2894738356583857e-01
8.9642243365610085e-04    2.2989482123215416e-01
9.0188814276523268e-04    2.3083968955515211e-01
9.0735385187436452e-04    2.3178201805709328e-01
9.1281956098349635e-04    2.3272183600929852e-01
9.2375097920176013e-04    2.3459405710990155e-01
9.3497505641833506e-04    2.3650631389781324e-01
9.4619913363490999e-04    2.3840858896842421e-01
9.5742321085148492e-04    2.4030111780829078e-01
9.6892873470002768e-04    2.4223122646328260e-01
9.8043425854857044e-04    2.4415157483591005e-01
9.9193978239711308e-04    2.4606239972531255e-01
1.0037155405112803e-03    2.4800847928648745e-01
1.0154912986254476e-03    2.4994505920905502e-01
1.0272670567396149e-03    2.5187237193209039e-01
1.0393018367530634e-03    2.5383273757425862e-01
1.0513366167665117e-03    2.5578389680631786e-01
1.0633713967799603e-03    2.5772607561474969e-01
1.0756539863263463e-03    2.5969921757791925e-01
1.0879365758727324e-03    2.6166347016225239e-01
1.1002191654191184e-03    2.6361905632644456e-01
1.1127383521320989e-03    2.6560361943427679e-01
1.1252575388450794e-03    2.6757963101417220e-01
1.1377767255580599e-03    2.6954730792429693e-01
1.1505212970712914e-03    2.7154206747418930e-01
1.1632658685845232e-03    2.7352862657743587e-01
1.1760104400977548e-03    2.7550719654423117e-01
1.1889691840448941e-03    2.7751103600798982e-01
1.2019279279920337e-03    2.7950703792991471e-01
1.2148866719391730e-03    2.8149540517187360e-01
1.2280483759538766e-03    2.8350730282563869e-01
1.2412100799685803e-03    2.8551173073901320e-01
1.2543717839832839e-03    2.8750888383871742e-01
1.2677252356992086e-03    2.8952789290461906e-01
1.2810786874151332e-03    2.9153980086395970e-01
1.2944321391310579e-03    2.9354479453851839e-01
1.3079661261818603e-03    2.9557002572395197e-01
1.3215001132326628e-03    2.9758852299567429e-01
1.3350341002834653e-03    2.9960046375999017e-01
1.3487374103028020e-03    3.0163107132964473e-01
1.3624407203221384e-03    3.0365530625221715e-01
1.3761440303414751e-03    3.0567333692867416e-01
1.3900054509630028e-03    3.0770850555079854e-01
1.4038668715845302e-03    3.0973765439830986e-01
1.4177282922060578e-03    3.1176094117116648e-01
1.4317366110634328e-03    3.1379987060716469e-01
1.4457449299208080e-03    3.1583312255793239e-01
1.4597532487781830e-03    3.1786084576560614e-01
1.4738972535050623e-03    3.1990274477558256e-01
1.4880412582319417e-03    3.2193929528935250e-01
1.5021852629588210e-03    3.2397063738653975e-01
1.5128866216313514e-03    3.2550417080045629e-01
1.5235879803038818e-03    3.2703485438653762e-01
1.5342893389764121e-03    3.2856274360465770e-01
1.5449906976489425e-03    3.3008789187387122e-01
1.5557770021740857e-03    3.3162242571764294e-01
1.5665633066992289e-03    3.3315427997931557e-01
1.5773496112243724e-03    3.3468350514791317e-01
1.5881359157495156e-03    3.3621015133892584e-01
1.5989987568525146e-03    3.3774507282643695e-01
1.6098615979555134e-03    3.3927747498952765e-01
1.6207244390585122e-03    3.4080740456658432e-01
1.6315872801615113e-03    3.4233490727478755e-01
1.6425182485676083e-03    3.4386958495926018e-01
1.6534492169737055e-03    3.4540189400177290e-01
1.6643801853798027e-03    3.4693187755323385e-01
1.6753111537858999e-03    3.4845957722139725e-01
1.6863018402203376e-03    3.4999336078546989e-01
1.6972925266547753e-03    3.5152491628048038e-01
1.7082832130892131e-03    3.5305428333015920e-01
1.7192738995236508e-03    3.5458149931550026e-01
1.7303158947116716e-03    3.5611371559370664e-01
1.7413578898996924e-03    3.5764383475918893e-01
1.7523998850877132e-03    3.5917189264520810e-01
1.7634418802757340e-03    3.6069792339342160e-01
1.7745267749425804e-03    3.6222787768676490e-01
1.7856116696094266e-03    3.6375585584427261e-01
1.7966965642762728e-03    3.6528188931512645e-01
1.8077814589431192e-03    3.6680600810200992e-01
1.8189008438140337e-03    3.6833297530675335e-01
1.8300202286849481e-03    3.6985807634763529e-01
1.8411396135558625e-03    3.7138134081309709e-01
1.8522589984267769e-03    3.7290279600682541e-01
1.8634044642270018e-03    3.7442603068040159e-01
1.8745499300272268e-03    3.7594750018775835e-01
1.8856953958274517e-03    3.7746722983030689e-01
1.8968408616276769e-03    3.7898524391111171e-01
1.9080039990824547e-03    3.8050396923127094e-01
1.9191671365372325e-03    3.8202102063669841e-01
1.9303302739920104e-03    3.8353642045142017e-01
1.9414934114467882e-03    3.8505019003398211e-01
1.9526658112813617e-03    3.8656360413609342e-01
1.9638382111159354e-03    3.8807542681253154e-01
1.9750106109505091e-03    3.8958567809391603e-01
1.9861830107850823e-03    3.9109437759299309e-01
1.9973562637246936e-03    3.9260165755357213e-01
2.0085295166643053e-03    3.9410741937902205e-01
2.0197027696039166e-03    3.9561167992292740e-01
2.0308760225435278e-03    3.9711445564285786e-01
2.0420417193134201e-03    3.9861474773888911e-01
2.0532074160833124e-03    4.0011358816561621e-01
2.0643731128532046e-03    4.0161099145744156e-01
2.0755388096230965e-03    4.0310697108783083e-01
2.0866885409485114e-03    4.0459940433790614e-01
2.0978382722739259e-03    4.0609044391127519e-01
2.1089880035993405e-03    4.0758010162912184e-01
2.1201377349247554e-03    4.0906838929377798e-01
2.1350268021854734e-03    4.1105369406514752e-01
2.1499158694461918e-03    4.1303660067835718e-01
2.1648049367069097e-03    4.1501713248239658e-01
2.1797712122229983e-03    4.1700556237004049e-01
2.1947374877390870e-03    4.1899163495285280e-01
2.2097037632551756e-03    4.2097536875949637e-01
2.2247510780240209e-03    4.2296750412146433e-01
2.2397983927928667e-03    4.2495731101330375e-01
2.2548457075617120e-03    4.2694480431142678e-01
2.2699778924146537e-03    4.2894118823036215e-01
2.2851100772675959e-03    4.3093525908792557e-01
2.3002422621205376e-03    4.3292702819762990e-01
2.3154631478889153e-03    4.3492816061503803e-01
2.3306840336572931e-03    4.3692698370675559e-01
2.3459049194256708e-03    4.3892350543657704e-01
2.3612183369408242e-03    4.4092984905108407e-01
2.3765317544559772e-03    4.4293387584878141e-01
2.3918451719711306e-03    4.4493559009165651e-01
2.4072549520643988e-03    4.4694756936838070e-01
2.4226647321576671e-03    4.4895721282343221e-01
2.4380745122509354e-03    4.5096452156633909e-01
2.4535844857536578e-03    4.5298252411509432e-01
2.4690944592563801e-03    4.5499816074294136e-01
2.4846044327591025e-03    4.5701142989559934e-01
2.5002184305026190e-03    4.5903580744829009e-01
2.5158324282461351e-03    4.6105777866525460e-01
2.5314464259896517e-03    4.6307733885126523e-01
2.5471682788053012e-03    4.6510840696852052e-01
2.5628901316209511e-03    4.6713701774230260e-01
2.5786119844366006e-03    4.6916316328365082e-01
2.5944455231557231e-03    4.7120120211389971e-01
2.6102790618748452e-03    4.7323672369531489e-01
2.6261126005939677e-03    4.7526971752893160e-01
2.6420616560479024e-03    4.7731497536074313e-01
2.6580107115018368e-03    4.7935764301178163e-01
2.6739597669557715e-03    4.8139770942656235e-01
2.6900281699758582e-03    4.8345039831528219e-01
2.7060965729959444e-03    4.8550041834830504e-01
2.7221649760160310e-03    4.8754775353412833e-01
2.7383565574336088e-03    4.8960805148199021e-01
2.7545481388511865e-03    4.9166559025156970e-01
2.7707397202687643e-03    4.9372035250012491e-01
2.7870583109151728e-03    4.9578840609503877e-01
2.8033769015615817e-03    4.9785360260874462e-01
2.8196954922079902e-03    4.9991592148350750e-01
2.8361449229145686e-03    5.0199184301681943e-01
2.8525943536211471e-03    5.0406479876107757e-01
2.8690437843277255e-03    5.0613476802670498e-01
2.8856278859258140e-03    5.0821863832392189e-01
2.9022119875239021e-03    5.1029942614639490e-01
2.9187960891219906e-03    5.1237710784920354e-01
2.9355186924429283e-03    5.1446897132913194e-01
2.9522412957638656e-03    5.1655762597025578e-01
2.9689638990848034e-03    5.1864304630319713e-01
2.9858288349599296e-03    5.2074291511220527e-01
3.0026937708350558e-03    5.2283944101519841e-01
3.0195587067101820e-03    5.2493259694436334e-01
3.0365698059708359e-03    5.2704045254243403e-01
3.0535809052314902e-03    5.2914482429641907e-01
3.0705920044921441e-03    5.3124568367181246e-01
3.0877530979696662e-03    5.3336147889638452e-01
3.1049141914471878e-03    5.3547363991720698e-01
3.1220752849247099e-03    5.3758213572418245e-01
3.1393902034504389e-03    5.3970578524690382e-01
3.1567051219761675e-03    5.4182564127944832e-01
3.1740200405018966e-03    5.4394167302996710e-01
3.1914926149071723e-03    5.4607306280987744e-01
3.2089651893124479e-03    5.4820048989179404e-01
3.2264377637177236e-03    5.5032392272860553e-01
3.2440718248338851e-03    5.5246290084961880e-01
3.2617058859500466e-03    5.5459774705666331e-01
3.2793399470662080e-03    5.5672842799430489e-01
3.2926894810599984e-03    5.5833862831690895e-01
3.3060390150537887e-03    5.5994640756475378e-01
3.3193885490475790e-03    5.6155175100032817e-01
3.3327380830413694e-03    5.6315464378833402e-01
3.3462144783153337e-03    5.6477026864783064e-01
3.3596908735892979e-03    5.6638336581756865e-01
3.3731672688632622e-03    5.6799392029584084e-01
3.3866436641372265e-03    5.6960191868588150e-01
3.4002497938148690e-03    5.7122278916158375e-01
3.4138559234925111e-03    5.7284102340149168e-01
3.4274620531701537e-03    5.7445660712069258e-01
3.4410681828477962e-03    5.7606952590011895e-01
3.4548069200526213e-03    5.7769544320290878e-01
3.4685456572574468e-03    5.7931861138980822e-01
3.4822843944622723e-03    5.8093901657564972e-01
3.4960231316670974e-03    5.8255664304381982e-01
3.5098973495226102e-03    5.8418738480515786e-01
3.5237715673781230e-03    5.8581526065003664e-01
3.5376457852336358e-03    5.8744025767930730e-01
3.5515200030891490e-03    5.8906236040805027e-01
3.5655325747188543e-03    5.9069768477498141e-01
3.5795451463485595e-03    5.9233002424304126e-01
3.5935577179782648e-03    5.9395936333471133e-01
3.6075702896079700e-03    5.9558568846067961e-01
3.6217240881353720e-03    5.9722532880645429e-01
3.6358778866627745e-03    5.9886186347636827e-01
3.6500316851901769e-03    6.0049527751321208e-01
3.6641854837175794e-03    6.0212555490773612e-01
3.6832493484490504e-03    6.0431640531987563e-01
3.7023132131805210e-03    6.0650150398654101e-01
3.7213770779119921e-03    6.0868081312899991e-01
3.7406369068364049e-03    6.1087661167322616e-01
3.7598967357608173e-03    6.1306643544898121e-01
3.7791565646852301e-03    6.1525024589732891e-01
3.7985981480974811e-03    6.1744853134431732e-01
3.8180397315097322e-03    6.1964062124046126e-01
3.8374813149219832e-03    6.2182648177123734e-01
3.8568852250373338e-03    6.2400186155401061e-01
3.8762891351526840e-03    6.2617096961829077e-01
3.8956930452680345e-03    6.2833377425338266e-01
3.9246783537861332e-03    6.3155273662834299e-01
3.9536636623042310e-03    6.3475746412595246e-01
3.9825727416316851e-03    6.3793948964119807e-01
4.0114818209591382e-03    6.4110716586879191e-01
4.0403589985602301e-03    6.4425693142006468e-01
4.0692361761613212e-03    6.4739220814711029e-01
4.0981257795003343e-03    6.5051425408086117e-01
4.1270153828393474e-03    6.5362163747271962e-01
4.1559617393805625e-03    6.5672034450998851e-01
4.1849080959217777e-03    6.5980418752153025e-01
4.2139555331294782e-03    6.6288378530512526e-01
4.2430029703371779e-03    6.6594827985934812e-01
4.2721958156756480e-03    6.6901284288175267e-01
4.3013886610141173e-03    6.7206203617404969e-01
4.3307712419476379e-03    6.7511547181014064e-01
4.3601538228811576e-03    6.7815323237068159e-01
4.3897704668740111e-03    6.8119928215686887e-01
4.4193871108668637e-03    6.8422931487586525e-01
4.4492821453833327e-03    6.8727154709422733e-01
4.4791771798998016e-03    6.9029738438341504e-01
4.5093949324041694e-03    6.9333919234789609e-01
4.5396126849085372e-03    6.9636418853299020e-01
4.5701974828650863e-03    6.9940878170922238e-01
4.6007822808216345e-03    7.0243610202749163e-01
4.6317784516946466e-03    7.0548649950178210e-01
4.6627746225676595e-03    7.0851912666785954e-01
4.6942264938214179e-03    7.1157816510843686e-01
4.7256783650751763e-03    7.1461889313926130e-01
4.7576302641739645e-03    7.1768921483598203e-01
4.7895821632727527e-03    7.2074064524046522e-01
4.8220784176808505e-03    7.2382469501937030e-01
4.8545746720889491e-03    7.2688922800709033e-01
4.8876596092706417e-03    7.2998924504298268e-01
4.9207445464523351e-03    7.3306907562820367e-01
4.9544624938719049e-03    7.3618709671960558e-01
4.9881804412914748e-03    7.3928422384950410e-01
5.0225757264132026e-03    7.4242208276894162e-01
5.0569710115349305e-03    7.4553829516787751e-01
5.0920879618231007e-03    7.4869761642877375e-01
5.1272049121112717e-03    7.5183449648022138e-01
5.1630878550301658e-03    7.5501669237877223e-01
5.1989707979490599e-03    7.5817561171374415e-01
5.2356640609629605e-03    7.6138188480430824e-01
5.2723573239768610e-03    7.6456400425174609e-01
5.3099052345500523e-03    7.6779534510450509e-01
5.3474531451232436e-03    7.7100161971348236e-01
5.3859000307200063e-03    7.7425881340195579e-01
5.4243469163167690e-03    7.7748999102588312e-01
5.4637371044013857e-03    7.8077361393425171e-01
5.5031272924860025e-03    7.8403023650767634e-01
5.5435051105227565e-03    7.8734065896846062e-01
5.5838829285595106e-03    7.9062306491973178e-01
5.6252927040126846e-03    7.9396046370326057e-01
5.6667024794658585e-03    7.9726880822738289e-01
5.7091885397997340e-03    8.0063316812381746e-01
5.7516746001336095e-03    8.0396740892742313e-01
5.7952812728124707e-03    8.0735852425841759e-01
5.8388879454913320e-03    8.1071843525737297e-01
5.8836595579794615e-03    8.1413592728118100e-01
5.9284311704675911e-03    8.1752111558543938e-01
5.9744120502292688e-03    8.2096443493532678e-01
6.0203929299909474e-03    8.2437434181572711e-01
6.0676274044904584e-03    8.2784278355855223e-01
6.1148618789899694e-03    8.3127670362372452e-01
6.1633958049593530e-03    8.3476953226398154e-01
6.2119297309287365e-03    8.3822672745715898e-01
6.2620591737405579e-03    8.4176061115483558e-01
6.3121886165523793e-03    8.4525739244901410e-01
6.3641210685211553e-03    8.4884131352485825e-01
6.4160535204899312e-03    8.5238643987640939e-01
6.4698043879887947e-03    8.5601540126084974e-01
6.5235552554876574e-03    8.5960394823137976e-01
6.5791399448897406e-03    8.6327304052461817e-01
6.6347246342918238e-03    8.6690018416361303e-01
6.6921585519702552e-03    8.7060461641396991e-01
6.7495924696486867e-03    8.7426566111666726e-01
6.8088910219765986e-03    8.7800079385379548e-01
6.8681895743045113e-03    8.8169120911549881e-01
6.9293681676550365e-03    8.8545258111787339e-01
6.9905467610055618e-03    8.8916802466164013e-01
7.0536208017518299e-03    8.9295138355525117e-01
7.1166948424980989e-03    8.9668772948558051e-01
7.1816797370132428e-03    9.0048905370752463e-01
7.2466646315283868e-03    9.0424241374674452e-01
7.3135757861855378e-03    9.0805793667123291e-01
7.3804869408426888e-03    9.1182468631726421e-01
7.4493397620149782e-03    9.1565091366776430e-01
7.5181925831872666e-03    9.1942770164107090e-01
7.5890024772478247e-03    9.2326142802710032e-01
7.6598123713083827e-03    9.2704519719624068e-01
7.7325947446303441e-03    9.3088351792881063e-01
7.8053771179523055e-03    9.3467151414839122e-01
7.8427622474305514e-03    9.3659807457965505e-01
7.8801473769087981e-03    9.3851183843599917e-01
7.9175325063870448e-03    9.4041296660262730e-01
7.9549176358652898e-03    9.4230161802113366e-01
7.9933044113473673e-03    9.4422805334337900e-01
8.0316911868294448e-03    9.4614166873673733e-01
8.0700779623115223e-03    9.4804263074414685e-01
8.1084647377935998e-03    9.4993110444854867e-01
8.1478608624660741e-03    9.5185641980687563e-01
8.1872569871385501e-03    9.5376892675709646e-01
8.2266531118110262e-03    9.5566879790429249e-01
8.2660492364835005e-03    9.5755620440785205e-01
8.3064624135329376e-03    9.5947956033695059e-01
8.3468755905823765e-03    9.6139015615114354e-01
8.3872887676318154e-03    9.6328817040240355e-01
8.4277019446812526e-03    9.6517377800645143e-01
8.4691398772942204e-03    9.6709449746997378e-01
8.5105778099071883e-03    9.6900253894456634e-01
8.5520157425201561e-03    9.7089808444852244e-01
8.5934536751331239e-03    9.7278131384106903e-01
8.6359240664961850e-03    9.7469887037334202e-01
8.6783944578592460e-03    9.7660386342347461e-01
8.7208648492223088e-03    9.7849647912061788e-01
8.7633352405853699e-03    9.8037689935875605e-01
8.8068457938850937e-03    9.8229091552976711e-01
8.8503563471848175e-03    9.8419251373065664e-01
8.8938669004845414e-03    9.8608188118521678e-01
8.9373774537842652e-03    9.8795920344748023e-01
8.9819358722072126e-03    9.8986944524606058e-01
9.0264942906301618e-03    9.9176744038897824e-01
9.0710527090531110e-03    9.9365337988775893e-01
9.1156111274760584e-03    9.9552745115869168e-01
9.1612251142087972e-03    9.9743381783867202e-01
9.2068391009415378e-03    9.9932813648326124e-01
9.2524530876742783e-03    1.0012105984409305e+00
9.2980670744070189e-03    1.0030813917635699e+00
9.3447443326361169e-03    1.0049839073080404e+00
9.3914215908652149e-03    1.0068745933495491e+00
9.4380988490943112e-03    1.0087536433737787e+00
9.4847761073234092e-03    1.0106212463728790e+00
9.5325243402354307e-03    1.0125200493921991e+00
9.5802725731474504e-03    1.0144072633940577e+00
9.6280208060594702e-03    1.0162830801754132e+00
9.6757690389714917e-03    1.0181476894776067e+00
9.7245959497530010e-03    1.0200430242767216e+00
9.7734228605345103e-03    1.0219270262391393e+00
9.8222497713160196e-03    1.0237998862954771e+00
9.8710766820975290e-03    1.0256617919669024e+00
9.9209899739350939e-03    1.0275539925890393e+00
9.9709032657726571e-03    1.0294351301937164e+00
1.0020816557610220e-02    1.0313053939448955e+00
1.0070729849447785e-02    1.0331649689542715e+00
1.0121737225527970e-02    1.0350544518163245e+00
1.0172744601608155e-02    1.0369331531029224e+00
1.0223751977688340e-02    1.0388012593655060e+00
1.0274759353768525e-02    1.0406589514643150e+00
1.0326868517277894e-02    1.0425462027040906e+00
1.0378977680787264e-02    1.0444229590283793e+00
1.0431086844296635e-02    1.0462894029624492e+00
1.0483196007806006e-02    1.0481457135798866e+00
1.0536414661931129e-02    1.0500312701959535e+00
1.0589633316056252e-02    1.0519066227295362e+00
1.0696070624306499e-02    1.0556274280167326e+00
1.0804742320161377e-02    1.0593864048285431e+00
1.0913414016016256e-02    1.0631064268405832e+00
1.1024335505848901e-02    1.0668646885288517e+00
1.1135256995681547e-02    1.0705851350874569e+00
1.1248443685865089e-02    1.0743439288861023e+00
1.1361630376048631e-02    1.0780660281401264e+00
1.1477097672956200e-02    1.0818266187718348e+00
1.1592564969863771e-02    1.0855516010196919e+00
1.1710328279868502e-02    1.0893152288330978e+00
1.1828091589873234e-02    1.0930442965526401e+00
1.1948166342002412e-02    1.0968121720424358e+00
1.2068241094131592e-02    1.1005464843496895e+00
1.2190741359550301e-02    1.1043227881630229e+00
1.2313241624969011e-02    1.1080664173426513e+00
1.2438448876647273e-02    1.1118600999246369e+00
1.2563656128325534e-02    1.1156218022447337e+00
1.2691843329569616e-02    1.1194409475824809e+00
1.2820030530813698e-02    1.1232286357943631e+00
1.2951470644929871e-02    1.1270807762188153e+00
1.3082910759046044e-02    1.1309018154274562e+00
1.3217876749340576e-02    1.1347939464708523e+00
1.3352842739635105e-02    1.1386551736549706e+00
1.3491607569414260e-02    1.1425937731902198e+00
1.3630372399193414e-02    1.1465015076482064e+00
1.3773209031763461e-02    1.1504925441345255e+00
1.3916045664333507e-02    1.1544525995637478e+00
1.4063227063000712e-02    1.1585015346072411e+00
1.4210408461667916e-02    1.1625192155977715e+00
1.4362207589738550e-02    1.1666309991606740e+00
1.4514006717809183e-02    1.1707110924591895e+00
1.4670696538589514e-02    1.1748901497421145e+00
1.4827386359369844e-02    1.1790369150751632e+00
1.4989239836166131e-02    1.1832871377937515e+00
1.5151093312962419e-02    1.1875042940054668e+00
1.5318383409080937e-02    1.1918290122244284e+00
1.5485673505199454e-02    1.1961197060859288e+00
1.5601006624364129e-02    1.1990582883221230e+00
1.5716339743528804e-02    1.2019811541726824e+00
1.5831672862693481e-02    1.2048884712281285e+00
1.5950994345814665e-02    1.2078801303398976e+00
1.6070315828935845e-02    1.2108554812766819e+00
1.6189637312057029e-02    1.2138146784716324e+00
1.6313129134672234e-02    1.2168604467075879e+00
1.6436620957287439e-02    1.2198892214850119e+00
1.6560112779902644e-02    1.2229011447106966e+00
1.6687956917549381e-02    1.2260016088197827e+00
1.6815801055196120e-02    1.2290842965149078e+00
1.6943645192842857e-02    1.2321493398476075e+00
1.7076023621058641e-02    1.2353046287704830e+00
1.7208402049274426e-02    1.2384412593644309e+00
1.7340780477490211e-02    1.2415593523565771e+00
1.7477875171812547e-02    1.2447691154714891e+00
1.7614969866134884e-02    1.2479592365655716e+00
1.7752064560457220e-02    1.2511298274757161e+00
1.7894057496423622e-02    1.2543932215459845e+00
1.8036050432390028e-02    1.2576358863214265e+00
1.8178043368356430e-02    1.2608579249266130e+00
1.8325116521504412e-02    1.2641735987771381e+00
1.8472189674652393e-02    1.2674673526668319e+00
1.8619262827800374e-02    1.2707392838397209e+00
1.8771598173667445e-02    1.2741053738417027e+00
1.8923933519534520e-02    1.2774482490736907e+00
1.9076268865401591e-02    1.2807680040277110e+00
1.9234048379525262e-02    1.2841821242335052e+00
1.9391827893648936e-02    1.2875716375610107e+00
1.9549607407772607e-02    1.2909366380244980e+00
1.9713013065690396e-02    1.2943958876754531e+00
1.9876418723608187e-02    1.2978290442076406e+00
2.0039824381525975e-02    1.3012362055455706e+00
2.0209038158775387e-02    1.3047371774979502e+00
2.0378251936024799e-02    1.3082104838903781e+00
2.0547465713274211e-02    1.3116562302105830e+00
2.0722669585392758e-02    1.3151950257167109e+00
2.0897873457511304e-02    1.3187045054810678e+00
2.1073077329629850e-02    1.3221847877884567e+00
2.1254453272155055e-02    1.3257570408477133e+00
2.1435829214680256e-02    1.3292982631345756e+00
2.1617205157205461e-02    1.3328085903100373e+00
2.1898800139909497e-02    1.3381976479972117e+00
2.2180395122613529e-02    1.3435130897429781e+00
2.2471794137540069e-02    1.3489366637138518e+00
2.2763193152466610e-02    1.3542825997619972e+00
2.3064669162921925e-02    1.3597323703606294e+00
2.3366145173377241e-02    1.3651004467395971e+00
2.3677971142667599e-02    1.3705676642947271e+00
2.3989797111957957e-02    1.3759491407938571e+00
2.4312246003389625e-02    1.3814247138533697e+00
2.4634694894821289e-02    1.3868105531671360e+00
2.4968039671700533e-02    1.3922851483889966e+00
2.5301384448579774e-02    1.3976661162853399e+00
2.5645898074212869e-02    1.4031302640010490e+00
2.5990411699845964e-02    1.4084970357619142e+00
2.6346367137539163e-02    1.4139412300646048e+00
2.6702322575232362e-02    1.4192844918559357e+00
2.7069992788291940e-02    1.4246992993945564e+00
2.7437663001351514e-02    1.4300098460188375e+00
2.7817559765621835e-02    1.4353893538650802e+00
2.8197456529892154e-02    1.4406614136119771e+00
2.8592041635799488e-02    1.4460256762150567e+00
2.8986626741706819e-02    1.4512783897231099e+00
2.9399227513412517e-02    1.4566540482062762e+00
2.9811828285118216e-02    1.4619127330082153e+00
3.0245768821424428e-02    1.4673199899386415e+00
3.0679709357730636e-02    1.4726036286630861e+00
3.1138313757439501e-02    1.4780564606783648e+00
3.1596918157148365e-02    1.4833779227455444e+00
3.2083510519062025e-02    1.4888842860181151e+00
3.2570102880975692e-02    1.4942505656540359e+00
3.3088007303896314e-02    1.4998126806374650e+00
3.3605911726816935e-02    1.5052252149295944e+00
3.4158452309546630e-02    1.5108399477143295e+00
3.4710992892276325e-02    1.5162950347151152e+00
3.5301493733617254e-02    1.5219543890153004e+00
3.5891994574958182e-02    1.5274437110750274e+00
3.6523779773712475e-02    1.5331354279194656e+00
3.7155564972466776e-02    1.5386466859236010e+00
3.7831958627436602e-02    1.5443549526674876e+00
3.8508352282406427e-02    1.5498725865820053e+00
3.9232678492393910e-02    1.5555788180881962e+00
3.9957004702381393e-02    1.5610848007880580e+00
4.0732587566188687e-02    1.5667684807609010e+00
4.1508170429995980e-02    1.5722431442215012e+00
4.2338334046425244e-02    1.5778826765581448e+00
4.3168497662854514e-02    1.5833055380256404e+00
4.4056566130707853e-02    1.5888790767387608e+00
4.4944634598561198e-02    1.5942296315808009e+00
4.5893932016640784e-02    1.5997158483537681e+00
4.6843229434720364e-02    1.6049742798843574e+00
4.7857079901828324e-02    1.6103530327468856e+00
4.8870930368936284e-02    1.6155008215321029e+00
4.9952657983874785e-02    1.6207537080148189e+00
5.1034385598813278e-02    1.6257741283167266e+00
5.2187314460384437e-02    1.6308849003278600e+00
5.3340243321955604e-02    1.6357633634626119e+00
5.4567697528961581e-02    1.6407182063314565e+00
5.5795151735967566e-02    1.6454424869333164e+00
5.7100455387210508e-02    1.6502301592869026e+00
5.8405759038453443e-02    1.6547904947024379e+00
5.9792236232735482e-02    1.6594023568975134e+00
6.1178713427017528e-02    1.6637914308809063e+00
6.2649688263140865e-02    1.6682213592514417e+00
6.4120663099264202e-02    1.6724341931624704e+00
6.5679459676030894e-02    1.6766784323653756e+00
6.7238256252797585e-02    1.6807122372838124e+00
6.8888198669009804e-02    1.6847691853550044e+00
7.0538141085222036e-02    1.6886231184289964e+00
7.2282553439681929e-02    1.6924930716981179e+00
7.4026965794141836e-02    1.6961680149005662e+00
7.5869172185651562e-02    1.6998529082726777e+00
7.7711378577161302e-02    1.7033512044508412e+00
7.9654703104522995e-02    1.7068543469439954e+00
8.1598027631884701e-02    1.7101795558976576e+00
8.3645794393900505e-02    1.7135053690222015e+00
8.5693561155916309e-02    1.7166620254553100e+00
8.7849094251388440e-02    1.7198158064020928e+00
9.0004627346860572e-02    1.7228092030143471e+00
9.2271250874591038e-02    1.7257969122372994e+00
9.4537874402321517e-02    1.7286329069198658e+00
9.6918912461112533e-02    1.7314609770123621e+00
9.9299950519903549e-02    1.7341458197832234e+00
1.0429750389721096e-01    1.7393611725784714e+00
1.0953718273184804e-01    1.7442925242706493e+00
1.1502563522141906e-01    1.7489534941168707e+00
1.2076950956352833e-01    1.7533576320998259e+00
1.2689434107668129e-01    1.7575964823860084e+00
1.3301917258983426e-01    1.7614299528036104e+00
1.4213282745601000e-01    1.7665011050038946e+00
1.5124648232218574e-01    1.7709417264339835e+00
1.6036013718836148e-01    1.7748631102113286e+00
1.6717936838803610e-01    1.7775102324933938e+00
1.7399859958771072e-01    1.7799447931457821e+00
1.8763706198705993e-01    1.7842715073251099e+00
2.0127552438640917e-01    1.7880007530311055e+00
2.1449226929109555e-01    1.7911547465284474e+00
2.2770901419578196e-01    1.7939373767251052e+00
2.4092575910046837e-01    1.7964109341642283e+00
2.5414250400515476e-01    1.7986244904039306e+00
2.6994143947031085e-01    1.8009835753566252e+00
2.8574037493546695e-01    1.8030799338285042e+00
3.1733824586577913e-01    1.8066432684705382e+00
3.5328908282762067e-01    1.8099206311876004e+00
3.8923991978946221e-01    1.8125931481303927e+00
4.2873230769342308e-01    1.8150145747830451e+00
4.6822469559738389e-01    1.8170310532418359e+00
5.5266974311072403e-01    1.8203889529118125e+00
6.4095223215066255e-01    1.8229772317932063e+00
7.3144933253838174e-01    1.8250100754743586e+00
8.2253821409505656e-01    1.8266366206810192e+00
9.1259604664186955e-01    1.8279599546960044e+00
1.0000000000000002e+00    1.8290518758365828e+00
