# Total adiabatic path length is 1.8290321012846975e+00
# Error estimate is 1.0896520761360939e-04
# s, l(s)
0.0000000000000000e+00    0.0000000000000000e+00
1.4307760328795741e-05    5.8718909163781707e-03
2.9251004161933851e-05    1.1874855758564219e-02
4.4817388288361318e-05    1.7991382321238626e-02
6.0994569497025133e-05    2.4204663984575627e-02
7.7770204576872297e-05    3.0498670904541350e-02
9.5131950316849811e-05    3.6858210151652832e-02
1.1306746350590464e-04    4.3268970854445067e-02
1.3156440093298381e-04    4.9717564039579942e-02
1.5061041938703429e-04    5.6191538554515197e-02
1.7019317565700309e-04    6.2679396340411420e-02
1.9030032653183723e-04    6.9170599550195055e-02
2.1091952880048366e-04    7.5655554064961966e-02
2.3203843925188937e-04    8.2125598037325331e-02
2.5364471467500144e-04    8.8572975122716960e-02
2.7572601185876669e-04    9.4990804111422175e-02
2.9826998759213230e-04    1.0137304299322469e-01
3.2126429866404519e-04    1.0771444772219048e-01
3.4469660186345227e-04    1.1401052780295000e-01
3.6855455397930069e-04    1.2025749803225150e-01
3.9282581180053735e-04    1.2645223099559266e-01
4.1749803211610928e-04    1.3259220786675599e-01
4.4255887171496336e-04    1.3867546624574370e-01
4.6799598738604681e-04    1.4470055162753920e-01
4.9379703591830644e-04    1.5066646832830954e-01
5.1994967410068924e-04    1.5657263192370013e-01
5.4644155872214228e-04    1.6241882280326994e-01
5.7326034657161269e-04    1.6820514308684120e-01
6.0039369443804706e-04    1.7393197302972380e-01
6.2782925911039275e-04    1.7959993391667198e-01
6.5555469737759667e-04    1.8520984995229728e-01
6.8355766602860597e-04    1.9076271171451745e-01
7.1182582185236711e-04    1.9625964888535061e-01
7.4034682163782756e-04    2.0170189593972535e-01
7.6910832217393424e-04    2.0709076844755298e-01
7.9817819354249732e-04    2.1244227784066211e-01
8.2813669461830736e-04    2.1786344823921497e-01
8.5907408398614121e-04    2.2336796692357314e-01
8.9095672454696890e-04    2.2894738015635535e-01
9.2375097920176013e-04    2.3459405284033713e-01
9.5742321085148492e-04    2.4030111358424713e-01
9.9193978239711308e-04    2.4606239870138333e-01
1.0272670567396149e-03    2.5187237108905819e-01
1.0633713967799603e-03    2.5772607024677452e-01
1.1002191654191184e-03    2.6361904972006972e-01
1.1377767255580599e-03    2.6954729961722179e-01
1.1760104400977548e-03    2.7550718873261520e-01
1.2148866719391730e-03    2.8149539591433081e-01
1.2543717839832839e-03    2.8750887408472636e-01
1.2944321391310579e-03    2.9354478532506284e-01
1.3350341002834653e-03    2.9960045434519517e-01
1.3761440303414751e-03    3.0567332883825582e-01
1.4177282922060578e-03    3.1176093254542164e-01
1.4597532487781830e-03    3.1786083753122013e-01
1.5021852629588210e-03    3.2397063197945236e-01
1.5449906976489425e-03    3.3008788746670914e-01
1.5881359157495156e-03    3.3621014825813139e-01
1.6315872801615113e-03    3.4233490430406899e-01
1.6753111537858999e-03    3.4845957436394198e-01
1.7192738995236508e-03    3.5458149587001947e-01
1.7634418802757340e-03    3.6069792084960833e-01
1.8077814589431192e-03    3.6680600236351435e-01
1.8522589984267769e-03    3.7290279204053794e-01
1.8968408616276769e-03    3.7898524009894696e-01
1.9414934114467882e-03    3.8505018424129445e-01
1.9861830107850823e-03    3.9109437470419894e-01
2.0308760225435278e-03    3.9711445402945528e-01
2.0755388096230965e-03    4.0310696889455139e-01
2.1201377349247554e-03    4.0906838735322937e-01
2.1648049367069097e-03    4.1501713052618577e-01
2.2097037632551756e-03    4.2097536590310475e-01
2.2548457075617120e-03    4.2694480085725717e-01
2.3002422621205376e-03    4.3292702472548833e-01
2.3459049194256708e-03    4.3892350202212704e-01
2.3918451719711306e-03    4.4493558628348151e-01
2.4380745122509354e-03    4.5096451755099187e-01
2.4846044327591025e-03    4.5701142629372382e-01
2.5314464259896517e-03    4.6307733563355097e-01
2.5786119844366006e-03    4.6916315937850894e-01
2.6261126005939677e-03    4.7526971317519839e-01
2.6739597669557715e-03    4.8139770852070596e-01
2.7221649760160310e-03    4.8754775091126756e-01
2.7707397202687643e-03    4.9372035056681790e-01
2.8196954922079902e-03    4.9991591772036886e-01
2.8690437843277255e-03    5.0613476618406095e-01
2.9187960891219906e-03    5.1237710624187083e-01
2.9689638990848034e-03    5.1864304518828230e-01
3.0195587067101820e-03    5.2493259536926351e-01
3.0705920044921441e-03    5.3124568230657943e-01
3.1220752849247099e-03    5.3758213287027223e-01
3.1740200405018966e-03    5.4394167258687154e-01
3.2264377637177236e-03    5.5032392343072711e-01
3.2793399470662080e-03    5.5672842729002425e-01
3.3327380830413694e-03    5.6315464357605372e-01
3.3866436641372265e-03    5.6960192029476775e-01
3.4410681828477962e-03    5.7606952812867740e-01
3.4960231316670974e-03    5.8255664792294637e-01
3.5515200030891490e-03    5.8906236902896969e-01
3.6075702896079700e-03    5.9558569805945694e-01
3.6641854837175794e-03    6.0212556511636883e-01
3.7213770779119921e-03    6.0868081950895181e-01
3.7791565646852301e-03    6.1525024600647493e-01
3.8374813149219832e-03    6.2182648334096158e-01
3.8956930452680345e-03    6.2833377583904204e-01
3.9536636623042310e-03    6.3475746541513112e-01
4.0114818209591382e-03    6.4110716385179789e-01
4.0692361761613212e-03    6.4739220669750852e-01
4.1270153828393474e-03    6.5362163475340140e-01
4.1849080959217777e-03    6.5980418513702555e-01
4.2430029703371779e-03    6.6594828223675162e-01
4.3013886610141173e-03    6.7206203606083126e-01
4.3601538228811576e-03    6.7815323374292369e-01
4.4193871108668637e-03    6.8422931630256567e-01
4.4791771798998016e-03    6.9029738456390344e-01
4.5396126849085372e-03    6.9636418770334585e-01
4.6007822808216345e-03    7.0243610032861470e-01
4.6627746225676595e-03    7.0851912513913728e-01
4.7256783650751763e-03    7.1461889275169077e-01
4.7895821632727527e-03    7.2074064534717375e-01
4.8545746720889491e-03    7.2688922853705740e-01
4.9207445464523351e-03    7.3306907648769937e-01
4.9881804412914748e-03    7.3928422336703215e-01
5.0569710115349305e-03    7.4553829565461338e-01
5.1272049121112717e-03    7.5183449664088187e-01
5.1989707979490599e-03    7.5817561237686271e-01
5.2723573239768610e-03    7.6456400515098200e-01
5.3474531451232436e-03    7.7100162030171271e-01
5.4243469163167690e-03    7.7748999119192019e-01
5.5031272924860025e-03    7.8403023591189847e-01
5.5838829285595106e-03    7.9062306461503606e-01
5.6667024794658585e-03    7.9726880420761692e-01
5.7516746001336095e-03    8.0396740329163263e-01
5.8388879454913320e-03    8.1071843225586893e-01
5.9284311704675911e-03    8.1752111416554052e-01
6.0203929299909474e-03    8.2437434098188822e-01
6.1148618789899694e-03    8.3127670312722279e-01
6.2119297309287365e-03    8.3822672666517406e-01
6.3121886165523793e-03    8.4525739001297717e-01
6.4160535204899312e-03    8.5238643655220780e-01
6.5235552554876574e-03    8.5960394399623985e-01
6.6347246342918238e-03    8.6690017923452334e-01
6.7495924696486867e-03    8.7426565754537466e-01
6.8681895743045113e-03    8.8169120490233499e-01
6.9905467610055618e-03    8.8916802002494733e-01
7.1166948424980989e-03    8.9668772495758475e-01
7.2466646315283868e-03    9.0424241026374874e-01
7.3804869408426888e-03    9.1182468254290094e-01
7.5181925831872666e-03    9.1942769906691368e-01
7.6598123713083827e-03    9.2704519420431597e-01
7.8053771179523055e-03    9.3467151228804923e-01
7.9549176358652898e-03    9.4230161601062890e-01
8.1084647377935998e-03    9.4993110279662762e-01
8.2660492364835005e-03    9.5755620391407725e-01
8.4277019446812526e-03    9.6517377940232030e-01
8.5934536751331239e-03    9.7278131650773925e-01
8.7633352405853699e-03    9.8037690018895030e-01
8.9373774537842652e-03    9.8795920250745950e-01
9.1156111274760584e-03    9.9552745003324350e-01
9.2980670744070189e-03    1.0030813885094634e+00
9.4847761073234092e-03    1.0106212439287845e+00
9.6757690389714917e-03    1.0181476878252067e+00
9.8710766820975290e-03    1.0256617910971608e+00
1.0070729849447785e-02    1.0331649679821588e+00
1.0274759353768525e-02    1.0406589475189794e+00
1.0483196007806006e-02    1.0481457088628781e+00
1.0696070624306499e-02    1.0556274241376737e+00
1.0913414016016256e-02    1.0631064207882717e+00
1.1135256995681547e-02    1.0705851251759531e+00
1.1361630376048631e-02    1.0780660195784277e+00
1.1592564969863771e-02    1.0855515912768614e+00
1.1828091589873234e-02    1.0930442868552186e+00
1.2068241094131592e-02    1.1005464757862375e+00
1.2313241624969011e-02    1.1080664092965749e+00
1.2563656128325534e-02    1.1156217926304792e+00
1.2820030530813698e-02    1.1232286252691799e+00
1.3082910759046044e-02    1.1309018039185117e+00
1.3352842739635105e-02    1.1386551614696905e+00
1.3630372399193414e-02    1.1465014968512752e+00
1.3916045664333507e-02    1.1544525893064821e+00
1.4210408461667916e-02    1.1625192061527077e+00
1.4514006717809183e-02    1.1707110835551520e+00
1.4827386359369844e-02    1.1790369068873991e+00
1.5151093312962419e-02    1.1875042844210242e+00
1.5485673505199454e-02    1.1961197002752655e+00
1.5831672862693481e-02    1.2048884649264000e+00
1.6189637312057029e-02    1.2138146710636704e+00
1.6560112779902644e-02    1.2229011354804546e+00
1.6943645192842857e-02    1.2321493319440195e+00
1.7340780477490211e-02    1.2415593441528858e+00
1.7752064560457220e-02    1.2511298199683234e+00
1.8178043368356430e-02    1.2608579166377423e+00
1.8619262827800374e-02    1.2707392750240760e+00
1.9076268865401591e-02    1.2807679955645888e+00
1.9549607407772607e-02    1.2909366283388330e+00
2.0039824381525975e-02    1.3012361954755514e+00
2.0547465713274211e-02    1.3116562195767647e+00
2.1073077329629850e-02    1.3221847777003424e+00
2.1617205157205461e-02    1.3328085811360659e+00
2.2180395122613529e-02    1.3435130807978404e+00
2.2763193152466610e-02    1.3542825909556109e+00
2.3366145173377241e-02    1.3651004389818036e+00
2.3989797111957957e-02    1.3759491324333335e+00
2.4634694894821289e-02    1.3868105443763143e+00
2.5301384448579774e-02    1.3976661096622196e+00
2.5990411699845964e-02    1.4084970295396819e+00
2.6702322575232362e-02    1.4192844859247975e+00
2.7437663001351514e-02    1.4300098415153371e+00
2.8197456529892154e-02    1.4406614078986979e+00
2.8986626741706819e-02    1.4512783868240335e+00
2.9811828285118216e-02    1.4619127314410030e+00
3.0679709357730636e-02    1.4726036267373235e+00
3.1596918157148365e-02    1.4833779210940390e+00
3.2570102880975692e-02    1.4942505644902189e+00
3.3605911726816935e-02    1.5052252139008808e+00
3.4710992892276325e-02    1.5162950340934322e+00
3.5891994574958182e-02    1.5274437107894954e+00
3.7155564972466776e-02    1.5386466862218737e+00
3.8508352282406427e-02    1.5498725873290742e+00
3.9957004702381393e-02    1.5610848004604858e+00
4.1508170429995980e-02    1.5722431426215930e+00
4.3168497662854514e-02    1.5833055351833270e+00
4.4944634598561198e-02    1.5942296262379243e+00
4.6843229434720364e-02    1.6049742725091638e+00
4.8870930368936284e-02    1.6155008125331416e+00
5.1034385598813278e-02    1.6257741138860071e+00
5.3340243321955604e-02    1.6357633458525895e+00
5.5795151735967566e-02    1.6454424652182615e+00
5.8405759038453443e-02    1.6547904660268649e+00
6.1178713427017528e-02    1.6637913931642310e+00
6.4120663099264202e-02    1.6724341476481914e+00
6.7238256252797585e-02    1.6807121815610442e+00
7.0538141085222036e-02    1.6886230576101120e+00
7.4026965794141836e-02    1.6961679461862984e+00
7.7711378577161302e-02    1.7033511302950324e+00
8.1598027631884701e-02    1.7101794750717574e+00
8.5693561155916309e-02    1.7166619371515721e+00
9.0004627346860572e-02    1.7228091077503707e+00
9.4537874402321517e-02    1.7286328053403268e+00
9.9299950519903549e-02    1.7341457108528604e+00
1.0429750389721096e-01    1.7393610673566717e+00
1.0953718273184804e-01    1.7442924181280250e+00
1.1502563522141906e-01    1.7489533874246215e+00
1.2076950956352833e-01    1.7533575290303438e+00
1.3301917258983426e-01    1.7614298827091124e+00
1.6036013718836148e-01    1.7748584178756190e+00
2.0127552438640917e-01    1.7879893699764666e+00
2.5414250400515476e-01    1.7986086444751390e+00
3.1733824586577913e-01    1.8066249986547591e+00
3.8923991978946221e-01    1.8125736813183551e+00
4.6822469559738389e-01    1.8170109530576710e+00
5.5266974311072403e-01    1.8203692792101183e+00
6.4095223215066255e-01    1.8229574307683052e+00
7.3144933253838174e-01    1.8249903106929239e+00
8.2253821409505656e-01    1.8266168458814884e+00
9.1259604664186955e-01    1.8279401831266415e+00
1.0000000000000002e+00    1.8290321012846975e+00
