# beta= 1.6, n_shot= 2048, n_iter= 30, nmc= 16384
20.0  5.3308268580245173e+00
40.0  1.8666360529804907e-01
60.0  1.6180471145463570e-02
80.0  9.7486944262835298e-03
100.0  5.3322033844410777e-03
120.0  2.2183537238007331e-03
160.0  1.5063153773660965e-03
200.0  1.4104235494943218e-03
300.0  1.7867473180248913e-03
400.0  1.9606593558154492e-03
500.0  2.1279402027802874e-03
600.0  2.2228808488975755e-03
700.0  1.9597780519879631e-03
800.0  2.3063515210417938e-03
900.0  1.6525370923700321e-03
1000.0  1.9307457130075237e-03
