0.0000000000000000e+00    0.0000000000000000e+00
9.9999999999999985e-03    5.9317841752492183e-02
1.9999999999999997e-02    1.1746880825135088e-01
2.9999999999999995e-02    1.7442853148746201e-01
3.9999999999999994e-02    2.3017264345171154e-01
4.9999999999999996e-02    2.8467677613498538e-01
5.9999999999999991e-02    3.3791656152816940e-01
6.9999999999999993e-02    3.9004992323129350e-01
7.9999999999999988e-02    4.4355240965866327e-01
8.9999999999999997e-02    4.9757277397852429e-01
9.9999999999999992e-02    5.4997588820157661e-01
1.1000000000000000e-01    5.9862662433852043e-01
1.1999999999999998e-01    6.4138985440005580e-01
1.2999999999999998e-01    6.7616605017867559e-01
1.3999999999999999e-01    7.0574685430764406e-01
1.4999999999999999e-01    7.3283261078460737e-01
1.5999999999999998e-01    7.5722639425277616e-01
1.6999999999999998e-01    7.7873127935536124e-01
1.7999999999999999e-01    7.9715034073557300e-01
1.9000000000000000e-01    8.1228856412062023e-01
1.9999999999999998e-01    8.2504586023942805e-01
2.0999999999999999e-01    8.3639574891314694e-01
2.2000000000000000e-01    8.4649917454436796e-01
2.3000000000000001e-01    8.5551708153568207e-01
2.3999999999999996e-01    8.6361041428968033e-01
2.4999999999999997e-01    8.7094011720895381e-01
2.5999999999999995e-01    8.7764462111793151e-01
2.6999999999999996e-01    8.8373646580945797e-01
2.7999999999999997e-01    8.8929086949546610e-01
2.8999999999999998e-01    8.9439843784167161e-01
2.9999999999999999e-01    8.9914977651378925e-01
3.1000000000000000e-01    9.0363549117753439e-01
3.1999999999999995e-01    9.0794581479391945e-01
3.2999999999999996e-01    9.1212751808315584e-01
3.3999999999999997e-01    9.1614740550407436e-01
3.4999999999999998e-01    9.1996406380683360e-01
3.5999999999999999e-01    9.2353607974159213e-01
3.7000000000000000e-01    9.2682204005850832e-01
3.8000000000000000e-01    9.2978053150774065e-01
3.9000000000000001e-01    9.3252734446503160e-01
3.9999999999999997e-01    9.3535627520101128e-01
4.0999999999999998e-01    9.3809450832924757e-01
4.1999999999999998e-01    9.4054564729090773e-01
4.2999999999999999e-01    9.4251329552715990e-01
4.4000000000000000e-01    9.4380105647917156e-01
4.5000000000000001e-01    9.4425792319954016e-01
4.6000000000000002e-01    9.4444460754725412e-01
4.6999999999999997e-01    9.4459082861472066e-01
4.7999999999999993e-01    9.4470484141559119e-01
4.8999999999999994e-01    9.4479490096351770e-01
4.9999999999999994e-01    9.4486926227215162e-01
5.0999999999999990e-01    9.4493603601031184e-01
5.1999999999999991e-01    9.4499605672768949e-01
5.2999999999999992e-01    9.4504829209101449e-01
5.3999999999999992e-01    9.4509391687697419e-01
5.4999999999999993e-01    9.4513410586225577e-01
5.5999999999999994e-01    9.4517003382354658e-01
5.6999999999999995e-01    9.4520285240230262e-01
5.7999999999999996e-01    9.4523304238260508e-01
5.8999999999999997e-01    9.4526071904442299e-01
5.9999999999999998e-01    9.4528607159122113e-01
6.0999999999999999e-01    9.4530928922646407e-01
6.2000000000000000e-01    9.4533056115361624e-01
6.3000000000000000e-01    9.4535007657614223e-01
6.3999999999999990e-01    9.4536781500140643e-01
6.4999999999999991e-01    9.4538385871897090e-01
6.5999999999999992e-01    9.4539864750256397e-01
6.6999999999999993e-01    9.4541262215115962e-01
6.7999999999999994e-01    9.4542622346373162e-01
6.8999999999999995e-01    9.4543989223925395e-01
6.9999999999999996e-01    9.4545398701714489e-01
7.0999999999999996e-01    9.4546761681960045e-01
7.1999999999999997e-01    9.4548076204101250e-01
7.2999999999999998e-01    9.4549387105174953e-01
7.3999999999999999e-01    9.4550739222218005e-01
7.5000000000000000e-01    9.4552177392267289e-01
7.6000000000000001e-01    9.4553740665501795e-01
7.7000000000000002e-01    9.4555310915209367e-01
7.8000000000000003e-01    9.4556902824776090e-01
7.8999999999999992e-01    9.4558621018095357e-01
7.9999999999999993e-01    9.4560570119060539e-01
8.0999999999999994e-01    9.4562854751564984e-01
8.1999999999999995e-01    9.4565583941577436e-01
8.2999999999999996e-01    9.4569045454094580e-01
8.3999999999999997e-01    9.4573390763250920e-01
8.4999999999999998e-01    9.4578656117899373e-01
8.5999999999999999e-01    9.4584877766892828e-01
8.7000000000000000e-01    9.4592091959084224e-01
8.8000000000000000e-01    9.4600334943326425e-01
8.9000000000000001e-01    9.4609535504775588e-01
9.0000000000000002e-01    9.4620181008105175e-01
9.1000000000000003e-01    9.4633563473231719e-01
9.2000000000000004e-01    9.4650991769248560e-01
9.2999999999999994e-01    9.4673774765249019e-01
9.3999999999999995e-01    9.4703221330326492e-01
9.4999999999999996e-01    9.4740605663260169e-01
9.5999999999999985e-01    9.4803094458111603e-01
9.6999999999999986e-01    9.5047423286721366e-01
9.7999999999999987e-01    9.5679643297588346e-01
9.8999999999999988e-01    9.6905805639211429e-01
1.0000000000000000e+00    1.0000000000000000e+00
