0.0000000000000000e+00    0.0000000000000000e+00
6.7112399100623707e-02    3.7500000000000000e-01
1.2904062244893463e-01    6.7320420008838178e-01
1.8955155744221958e-01    8.1168093038751432e-01
2.5472059658482388e-01    8.7418093038751432e-01
3.1797384444100807e-01    9.0708252640517950e-01
3.8270828195488316e-01    9.3052002640517950e-01
4.4696031140807368e-01    9.4419190140517950e-01
5.0820128358258188e-01    9.4492432328017950e-01
5.6724609351016464e-01    9.4519407178529102e-01
6.3060561244870872e-01    9.4535120621867397e-01
6.9704454131682259e-01    9.4544980033149739e-01
7.5791795957225383e-01    9.4553406771380544e-01
8.1831596352380354e-01    9.4565085382003722e-01
8.8209455597919439e-01    9.4602195174553949e-01
9.4957958345606530e-01    9.4738889433334705e-01
9.9999993288760081e-01    9.8931944716667353e-01
1.0000000000000000e+00    1.0000000000000000e+00
