# n_sample= 1800, n_shot= 2048, n_iter= 30, n_sample= 1800
1.2236422009143313  8.5850214125438185e-01
2.375305448833702  4.3407488119115600e-01
4.822589850662364  2.0980585713026947e-01
11.732569338178589  8.3858038925161207e-02
22.961286005392452  4.4174847555656115e-02
45.13080352784034  2.0817772405170666e-02
88.89400694877642  1.0968351537672423e-02
217.44841699777618  4.3142944784326197e-03
323.2574779003684  2.7887894032819697e-03
636.6538392404271  1.5632841018029234e-03
1254.5211717491695  6.7706818611323882e-04
2472.836930141874  3.7096807462866366e-04
