# n_sample= 1800, n_shot= 2048, n_iter= 30, n_sample= 1800
1.2236422009143313  8.8078237753822286e-01
2.375305448833702  4.3256548542506223e-01
4.822589850662364  2.1366043093801501e-01
11.732569338178589  8.5432114251364766e-02
22.961286005392452  4.2819885179531170e-02
45.13080352784034  2.1393367541220343e-02
88.89400694877642  1.0696989258766720e-02
217.44841699777618  4.2780103971491457e-03
323.2574779003684  2.8522731368827436e-03
636.6538392404271  1.4262569143319581e-03
1254.5211717491695  7.1311293169706857e-04
2472.836930141874  3.5654853631328365e-04
