# eps= 0.00926196671287148, n_shot= 2048, n_iter=30, n_sample=1800
12.0  1.1752171551511635e-01
30.0  6.9193130633018698e-02
48.0  4.8740165558762823e-02
64.0  1.0924875944271548e-01
80.0  3.4740116795679357e-02
100.0  3.8668957521821902e-02
130.0  2.7042971801608633e-02
164.0  2.5993003172510971e-02
248.0  1.9063343670484300e-02
330.0  1.4792706662948281e-02
412.0  1.5437870924901691e-02
500.0  9.9698861002779655e-03
580.0  9.6702302991028329e-03
664.0  1.0500703875420393e-02
748.0  9.6871378447026760e-03
830.0  8.2664973811431494e-03
