5.0000000000000000e-01    6.6388592134376020e-02
1.0000000000000000e+00    6.4705570547693922e-02
1.5000000000000000e+00    6.4812402056264082e-02
2.5000000000000000e+00    6.4957780242891741e-02
3.5000000000000000e+00    6.5050124426830502e-02
5.0000000000000000e+00    6.5203643617294443e-02
7.5000000000000000e+00    6.5402696162167748e-02
1.1000000000000000e+01    6.5918103582427681e-02
1.6000000000000000e+01    6.6925930197383021e-02
2.3000000000000000e+01    6.8768594563660967e-02
3.4000000000000000e+01    7.2260009517040688e-02
5.0000000000000000e+01    7.7565387220890916e-02
7.3500000000000000e+01    8.4739604269144966e-02
1.0800000000000000e+02    9.5664768677651529e-02
1.5850000000000000e+02    1.1148245199235869e-01
2.3250000000000000e+02    1.3295221886794767e-01
3.4150000000000000e+02    1.5977462997890401e-01
5.0150000000000000e+02    1.9197982204739383e-01
7.3600000000000000e+02    2.3821712533295430e-01
1.0805000000000000e+03    3.1087207848169096e-01
1.5865000000000000e+03    4.0146618161106556e-01
2.3290000000000000e+03    4.9658842864943897e-01
3.4190000000000000e+03    5.7765246422111105e-01
5.0190000000000000e+03    6.7566171196884728e-01
7.3680000000000000e+03    7.8182566058598546e-01
1.0816500000000000e+04    8.8301119926045712e-01
1.5879000000000000e+04    9.7667180643785156e-01
2.3311000000000000e+04    9.9434938986104549e-01
3.4221000000000000e+04    9.9488869336523222e-01
5.0237500000000000e+04    9.9078614331535464e-01
7.3750000000000000e+04    9.9376681159543867e-01
