# beta= 1.6, n_shot= 2048, n_iter= 30, nmc= 16384
#12.0  1.5173498512198540e+00
30.0  9.8609233945214769e-01
#48.0  4.6494760446274194e-02
64.0  1.2438100852605830e-02
#80.0  8.1954873892985756e-03
100.0  4.2079848836640878e-03
130.0  2.7858407433559939e-03
164.0  2.1915087986908331e-03
248.0  1.8618383370026118e-03
330.0  1.8705713890774984e-03
412.0  1.5145406657310308e-03
500.0  2.0353174411963161e-03
580.0  1.8470095786700114e-03
664.0  1.7884325561323541e-03
748.0  2.2507153103197728e-03
830.0  2.0702836478975564e-03
