# from exact gaussian
0.6744500000000001  2.3299889971040333e-01
1.200521  1.9301632114284839e-01
1.7265920000000001  1.6096982069841825e-01
2.252663  1.2575668874445345e-01
2.7787340000000005  9.9242221588552226e-02
3.304805  8.0752699243280546e-02
3.830876  6.6982288034468596e-02
4.356947000000001  5.5865782614189285e-02
4.883018  4.6420742859075936e-02
5.409089  3.8230038271668931e-02
5.935160000000001  3.1118583960897617e-02
6.461231  2.5000369387756294e-02
6.987302000000001  1.9812701791985354e-02
7.513373000000001  1.5488811051282525e-02
8.039444000000001  1.1948994278257352e-02
8.565515000000001  9.1017790726564129e-03
9.091586000000001  6.8497161757603564e-03
9.617657000000001  5.0960446697052575e-03
10.143728000000001  3.7501365863779057e-03
10.669799000000001  2.7309996322406604e-03
11.195870000000001  1.9689345913915801e-03
11.721941000000001  1.4057817284029994e-03
12.248012000000001  9.9424160841454778e-04
12.774083000000001  6.9668024112168325e-04
13.300154000000001  4.8371884987918889e-04
13.826224999999999  3.3280663872048422e-04
14.352296  2.2689447504653515e-04
14.878367  1.5326956676364745e-04
15.404438000000003  1.0257251587741933e-04
15.930509  6.7994094044010467e-05
16.45658  4.4635601284426230e-05
16.982651000000004  2.9010398202800047e-05
17.508722000000002  1.8662586975359829e-05
18.034793  1.1879977662054841e-05
18.560864000000002  7.4810883132769845e-06
19.086935  4.6591042961452445e-06
19.613006000000002  2.8689153612759810e-06
20.139077000000004  1.7462557524439148e-06
20.665148000000002  1.0504591951843167e-06
21.191219  6.2437868031395283e-07
21.717290000000002  3.6664083147286419e-07
22.243361  2.1266380745288416e-07
22.769432000000002  1.2182927289217105e-07
23.295503000000004  6.8923733387293851e-08
23.821574000000002  3.8504050614562857e-08
24.347645  2.1238929726052902e-08
24.873716  1.1567020230529579e-08
25.399787  6.2194507322033132e-09
25.925858  3.3014782019336053e-09
26.451929000000003  1.7301244881195998e-09
26.978  8.9506002609596180e-10
