# beta = 2.0, n_shot= 2048, n_iter=30
81920  1.7895505005095773e+00
163840  6.7370235770755504e-01
327680  1.7136554091290776e-01
491520  1.7714757087453170e-01
655360  1.3676169130777655e-01
1310720  6.5228201308289935e-02
2621440  6.1536844265533769e-02
5242880  3.8987448978506416e-02
10485760  3.2044516567748746e-02
20971520  1.5720754485364068e-02
41943040  1.0417073904961960e-02
83886080  9.6311617987304334e-03
167772160  5.8157861888470681e-03
335544320  5.3243090439645258e-03
671088640  4.5367988014851273e-03
1342177280  2.7682834494730042e-03
