# beta= 2.0, n_shot= 2048, n_iter= 30, nmc= 16384
8.0  2.5971500684260347e+00
18.0  1.1573075889695872e+00
26.0  6.7998853974063508e-02
36.0  3.2097542612161779e-02
44.0  1.6094088085789840e-02
54.0  1.0232662475143131e-02
72.0  4.0461895748903128e-03
90.0  3.1050785157214675e-03
134.0  3.6598407259197606e-03
180.0  3.4104264335559206e-03
224.0  2.3600053141067021e-03
270.0  2.2277178786750322e-03
314.0  2.7317049371782848e-03
360.0  2.9843435887388914e-03
404.0  2.7427259346172405e-03
450.0  2.4329458661979625e-03
