0.0000000000000000e+00    0.0000000000000000e+00
5.0000000000000003e-02    6.2574192885817568e-04
1.0000000000000001e-01    1.1973580105189893e-03
1.5000000000000002e-01    1.7567023253772674e-03
2.0000000000000001e-01    2.3243872963635008e-03
2.5000000000000000e-01    2.9176026543499857e-03
3.0000000000000004e-01    3.5547845863916480e-03
3.5000000000000003e-01    4.2582937247047812e-03
4.0000000000000002e-01    5.0571823565281589e-03
4.5000000000000001e-01    5.9910392417250116e-03
5.0000000000000000e-01    7.1161362596683783e-03
5.5000000000000004e-01    8.5162196137357413e-03
6.0000000000000009e-01    1.0323040223611845e-02
6.5000000000000002e-01    1.2758901900677877e-02
7.0000000000000007e-01    1.6234408642647646e-02
7.5000000000000000e-01    2.1597342873495289e-02
8.0000000000000004e-01    3.0830887661876923e-02
8.5000000000000009e-01    4.9217868143982671e-02
9.0000000000000002e-01    9.3176013657519111e-02
9.5000000000000007e-01    2.3114627337225607e-01
1.0000000000000000e+00    1.0000000000000004e+00
