0 0 -1.513470608499287 0.03065698147915753
2 2 -1.75223400455945 0.01769155453237485
3 3 -1.8498732344008775 0.014129499083784256
5 7 -2.1335101614166407 0.0073534279007171615
6 10 -2.221333355050407 0.006007124665793612
7 11 -2.2604389118173165 0.005489857709204671
8 18 -2.4144755631695367 0.003850564803814938
9 23 -2.441497792166213 0.003618280301620168
19 81 -2.814389606307263 0.0015332408926718416
20 84 -2.8306902975780175 0.0014767592587950722
21 97 -2.8864280157997313 0.0012988888364833166
28 208 -3.128283605257146 0.0007442458038898526
30 228 -3.1615311516135676 0.0006893961415353829
34 316 -3.312588838227251 0.00048686792245606107
37 437 -3.4297762773777545 0.0003717266711999408
39 499 -3.4796817410804626 0.0003313738693436837
41 523 -3.508345969446883 0.0003102087405999092
42 528 -3.513350142082292 0.00030665486420216627
46 838 -3.6883875783755786 0.000204933247223629
49 985 -3.7718104937102765 0.0001691178723868018
52 1162 -3.851997511258179 0.00014060555815643234
55 1333 -3.915801854285634 0.00012139425822442604
56 1336 -3.9170657151444113 0.00012104149661009855
57 1389 -3.937401861583947 0.00011550429626320426
58 1434 -3.9506360815982045 0.00011203763130224134
61 1541 -3.990491438787282 0.00010221357096817467
62 1546 -3.992072805136834 0.00010184206456826605
63 1617 -4.020960750144784 9.528822779463485e-05
64 1666 -4.036762239403221 9.188354881705373e-05
69 2079 -4.164337182913754 6.84956225184646e-05
74 2486 -4.276177675915843 5.294467955263391e-05
78 2888 -4.369147545246221 4.274176525392117e-05
87 3333 -4.466553506773515 3.415438685574578e-05
91 3563 -4.514943575391936 3.055318041870362e-05
96 3868 -4.572273352382696 2.6774825409901837e-05
99 3933 -4.581271596733054 2.6225779368421458e-05
105 4841 -4.738960389850258 1.8240620596637032e-05
109 5059 -4.775841524231768 1.6755541808107194e-05
119 6411 -4.973063905657571 1.063986442999397e-05
120 6636 -4.999235440415546 1.0017620140274872e-05
121 6797 -5.022552546838082 9.493961214302762e-06
122 6826 -5.026130769864507 9.416060280272428e-06
125 7305 -5.081446712503828 8.289976272082229e-06
126 7344 -5.084770511383434 8.226772518123522e-06
127 7615 -5.117697483520212 7.626100362802107e-06
128 7656 -5.121750426432486 7.5552627697378295e-06
129 7729 -5.1283484432194975 7.4413470006177975e-06
139 8403 -5.206738793978264 6.212425676662714e-06
149 9083 -5.274761871972455 5.311756133234383e-06
159 9849 -5.3502973664510325 4.463778474183805e-06
170 10892 -5.436302027721824 3.661828262329417e-06
179 11845 -5.513034882800634 3.0687754925517397e-06
187 12767 -5.573738762001332 2.6684633231740386e-06
200 14034 -5.6570773061221695 2.2025343683958666e-06
261 24545 -6.154864273129456 7.00060746671117e-07
269 25433 -6.189348037685021 6.466242122154664e-07
290 29586 -6.338648805937081 4.585125149166789e-07
301 30779 -6.3747026826173245 4.2198529509507057e-07
399 55621 -6.9969270005620725 1.0071009356210982e-07
421 61595 -7.117085446202596 7.636855158452672e-08
440 68262 -7.242045498411168 5.727360257467024e-08
459 76327 -7.375101175653588 4.2159827411246834e-08
481 89402 -7.5759373792934825 2.6549883558351584e-08
502 100152 -7.723972503245281 1.8881108884426494e-08
520 109240 -7.841899085044266 1.439132943925872e-08
540 122476 -8.003003385877749 9.931083058486404e-09
560 138875 -8.18404811972013 6.545636445608839e-09
580 159827 -8.39954556747377 3.985239557963171e-09
599 179064 -8.578114177707368 2.6417141491003688e-09
620 204293 -8.796077913880795 1.5992710883008758e-09
642 227958 -8.988003297567568 1.028008492500394e-09
681 288503 -9.448448286803371 3.560833877976904e-10
702 331098 -9.753813140757172 1.7627343161189517e-10
712 354047 -9.91921159944113 1.204448958877383e-10
720 366396 -10.00862661255227 9.803324702780094e-11
729 404521 -10.290085395072614 5.127605502680296e-11
739 427286 -10.466189175662079 3.418305110811761e-11
751 461015 -10.747747107184285 1.7875281624203154e-11
761 484985 -10.963885712887205 1.0867115604449443e-11
769 507000 -11.178309992082788 6.632694708269462e-12
779 565543 -11.93572680185799 1.1595065282438514e-12
789 604618 -12.917855940106325 1.2082145456879245e-13
791 614830 -13.460099620759093 3.466573232463267e-14
