3.0656981479157529e-02    1.1027570382289467e+02    2.4814502452320788e+01    3.3059539604437305e-02
1.7691554532374851e-02    1.6615868642809164e+02    3.3571003705705053e+01    3.1433183815352095e-02
1.4129499083784256e-02    7.9441062736407460e+01    2.4469795767438089e+01    4.6728756489756051e-02
7.3534279007171615e-03    1.6747544237814841e+02    3.7871454909880917e+01    2.4470800457493169e-02
6.0071246657936121e-03    1.0740798089948505e+02    3.6208371721001939e+01    4.7397264811479545e-02
5.4898577092046706e-03    9.9299654852801041e+01    2.6512695546045617e+01    2.7227329101151554e-02
3.8505648038149381e-03    1.4962477440394863e+02    3.7913162973005939e+01    4.3379831394304347e-02
3.6182803016201678e-03    1.0712945256213767e+02    3.7149051473872660e+01    4.6328976378390507e-02
1.5332408926718416e-03    2.9538958602403028e+02    7.1421133036213831e+01    3.8709394923898799e-02
1.4767592587950722e-03    2.1302603191572189e+02    5.9571290065480646e+01    3.9704276348857093e-02
1.2988888364833166e-03    1.1098347321796734e+03    1.0596859376090860e+02    1.3778555437056639e-02
7.4424580388985262e-04    6.5866830919520068e+05    3.7583403127943675e+04    2.7324981329002185e-04
6.8939614153538291e-04    2.3977870437255629e+02    5.3432806259211148e+01    2.5293337728271581e-02
4.8686792245606107e-04    1.8758898109032845e+02    5.7620712612782917e+01    3.4398626686197531e-02
3.7172667119994080e-04    1.3547613986223164e+03    1.4207607592890619e+02    1.8855327565688640e-02
3.3137386934368372e-04    3.8294491556693981e+02    8.8579269100576496e+01    3.0008703363819222e-02
3.1020874059990922e-04    1.3970813783969542e+06    1.7534560872096848e+04    3.6204808566253632e-04
3.0665486420216627e-04    4.4987517862165951e+03    3.7686171199498312e+02    8.8489203790231841e-03
2.0493324722362899e-04    2.6861214180315874e+05    7.5477803468621623e+03    7.1698215015203459e-04
1.6911787238680181e-04    2.3738689756469257e+03    2.4404347673775484e+02    1.2637609499506652e-02
1.4060555815643234e-04    3.5002562954105215e+03    2.4031224021987398e+02    1.2113644082091923e-02
1.2139425822442604e-04    6.0396210658631207e+02    1.1904165389978971e+02    2.5981382854297408e-02
1.2104149661009855e-04    7.9439225271747948e+05    1.3351549593896441e+04    4.4508308565127663e-04
1.1550429626320426e-04    1.9635865762874641e+03    2.0105899443717678e+02    1.0107813199283555e-02
1.1203763130224134e-04    1.2526545171272219e+06    1.0516920710905521e+04    5.3389820823213086e-04
1.0221357096817467e-04    1.1004995970332968e+04    9.0624135165762937e+02    1.4311540462585981e-03
1.0184206456826605e-04    1.5087280565057049e+03    1.8511387368041369e+02    1.6187685098884685e-02
9.5288227794634853e-05    1.6852303486347021e+05    6.2023404871028588e+03    9.6028536972880829e-04
9.1883548817053734e-05    9.7624845475861308e+04    3.4321139485478107e+03    7.1881240455695661e-04
6.8495622518464593e-05    1.6012716262712603e+05    5.0332620055296384e+03    1.0680740642783348e-03
5.2944679552633911e-05    8.2841899533642736e+03    4.1912506865193865e+02    6.8731819983440801e-03
4.2741765253921167e-05    9.8609719656452350e+05    8.4254921793183166e+03    5.4797001757833641e-04
3.4154386855745780e-05    6.2552553916805764e+03    4.0519189131202296e+02    8.4677401309818379e-03
3.0553180418703622e-05    2.4074157964448105e+06    6.6471513844023875e+03    4.7005818123579957e-04 # 3563
2.6774825409901837e-05    3.4703755053826069e+04    3.1393056099463097e+03    1.2485705292419880e-03
2.6225779368421458e-05    6.3081391137607088e+06    2.4949028649790336e+04    2.1752717930212384e-04
1.8240620596637032e-05    2.5748977343131846e+04    6.9496779776670337e+02    4.3365249412090634e-03
1.6755541808107194e-05    1.9028699345361735e+05    2.3098644448634445e+03    1.5985643776730285e-03
1.0639864429993969e-05    2.5054064287776020e+05    6.2291910804946765e+03    9.7736630323197460e-04
1.0017620140274872e-05    2.5084357799954913e+06    1.0277477547772345e+04    3.9619597464479739e-04
9.4939612143027620e-06    5.9029625753891378e+03    3.6126408696871778e+02    1.8229174747830257e-03
9.4160602802724281e-06    3.6568059858807741e+04    1.2827167185533742e+03    3.0150112324918155e-03
8.2899762720822288e-06    1.0432490355327246e+08    1.3796462746921621e+05    4.3324494072294328e-05
8.2267725181235222e-06    1.7863263819401036e+06    1.1411011961718023e+04    4.7828682454564841e-04
7.6261003628021071e-06    1.0504508180812118e+03    1.8538691479805084e+02    1.8490570764697623e-02
7.5552627697378295e-06    4.7317515422170036e+04    1.7658253835487799e+03    2.4586586259829346e-03
7.4413470006177975e-06    1.9623812849301967e+03    2.3377647790127213e+02    1.3373342544582556e-02
6.2124256766627139e-06    4.5130920984998025e+05    3.1033968497223388e+04    3.7112598329258617e-04
5.3117561332343830e-06    2.2960805998023069e+06    8.7667898369420291e+03    4.3941739932051860e-04
4.4637784741838053e-06    1.6615906577284931e+05    4.6288311503180648e+03    1.1126725567009998e-03
3.6618282623294171e-06    1.5974185643997505e+07    4.7545989898348045e+04    1.0974726501444820e-04
3.0687754925517397e-06    5.8733064419588819e+05    1.1727665298907503e+04    6.2025272109167418e-04
2.6684633231740386e-06    1.1164851959953025e+05    3.4210261561518696e+03    1.4882431232763338e-03
2.2025343683958666e-06    2.6105720189228650e+07    6.9591961706150731e+04    8.9030494564212859e-05
7.0006074667111701e-07    2.2917519970091145e+07    7.0085738505232875e+04    1.3371707700571278e-04
6.4662421221546637e-07    2.7751961593536460e+06    1.6877693814537211e+04    3.0262669997682679e-04
4.5851251491667892e-07    4.5998323202408373e+07    9.6862959312681836e+04    7.1997132636170136e-05
4.2198529509507057e-07    7.0223088003456418e+05    6.6033722369694160e+03    6.9478394925681641e-04
1.0071009356210982e-07    3.7722649031502740e+06    1.8187481582163564e+04    3.5340054910193430e-04
7.6368551584526716e-08    3.2965358324278994e+06    3.5018636852040749e+04    2.2576199307877687e-04
5.7273602574670237e-08    3.8194780026831047e+05    6.7782164680111455e+03    8.1251301708107349e-04
4.2159827411246834e-08    3.1557118236251259e+06    2.8418221437649790e+04    2.3256705435414915e-04
1.8881108884426494e-08    1.0296267602231605e+06    1.2947299714199549e+04    4.8820468282428919e-04
1.4391329439258720e-08    3.0341419191744160e+04    6.4452134008939665e+03    1.5815763749742473e-03
9.9310830584864038e-09    7.1043716070880962e+05    5.0236261644763563e+03    8.7691066619299818e-04
6.5456364456088392e-09    5.9791208629957131e+04    3.3190342774807764e+03    9.6814442122195032e-04
3.9852395579631710e-09    5.7154234123001052e+06    6.9660122960128676e+04    5.2705237067129929e-05
2.6417141491003688e-09    5.0054584339214372e+04    5.0126756042815396e+03    1.6809126409498276e-03
1.5992710883008758e-09    1.3115599067909101e+06    4.1880820014346282e+04    1.9551850164134521e-04
1.0280084925003941e-09    1.5934819414566293e+07    2.0266278358737556e+04    1.9287692975922255e-04
3.5608338779769038e-10    1.2490681906790989e+06    1.3248228074815477e+04    4.5590793206429225e-04
1.7627343161189517e-10    4.1740760616175921e+03    1.0799137456159822e+03    4.5528603777711396e-03
1.2044489588773831e-10    3.4563993624410029e+06    1.7027500630318867e+04    3.9209512851812178e-04
9.8033247027800936e-11    2.5040013634324434e+04    1.5240871688471982e+03    2.4738209908719000e-03
5.1276055026802959e-11    1.1742741579575883e+06    1.8055503857230153e+04    4.2956802781191072e-04
3.4183051108117607e-11    2.1324355414473984e+05    6.5627805789696286e+03    1.0112701866091811e-03
1.7875281624203154e-11    9.5566629666573852e+06    3.5536021883333320e+04    2.1619385461235652e-04
1.0867115604449443e-11    1.1667656363902702e+05    4.5563336438932165e+03    1.4004241797920258e-03
6.6326947082694623e-12    9.8456982799302874e+04    3.0563875653435466e+03    1.8025336985374452e-03
1.1595065282438514e-12    4.3751361459803507e+06    3.0459206466708871e+04    2.5074034056160599e-04
1.2082145456879245e-13    5.5724878538406847e+04    3.2021873770128786e+03    2.0721429664263269e-03
3.4665732324632668e-14    1.3179531407667803e+07    1.4633245322827672e+05    5.9174365560465958e-05
