3.3059539604437305e-02    1.9308215444784194e+00    3.4169729922242631e+00
3.1433183815352095e-02    2.0569526798523463e+00    3.8009319033721387e+00
4.6728756489756051e-02    2.1316506653561258e+00    3.8281916918853516e+00
2.4470800457493169e-02    2.2581863025768669e+00    4.1756627865532510e+00
4.7397264811479545e-02    2.4094171360047953e+00    4.2570019670093728e+00
2.7227329101151554e-02    2.3203459522849879e+00    4.3332354763484178e+00
4.3379831394304347e-02    2.3936796088732528e+00    4.3551184564745311e+00
4.6328976378390507e-02    2.5675797280700130e+00    4.6256211605406223e+00
3.8709394923898799e-02    2.7760251120269954e+00    5.1158134160989910e+00
3.9704276348857093e-02    2.7524352602298903e+00    4.9808749635314227e+00
1.3778555437056639e-02    2.4126649609114796e+00    4.7171129985545504e+00
2.7324981329002185e-04    3.9912285914663150e+00    1.0832793666488774e+01
2.5293337728271581e-02    3.0470457734094318e+00    5.8246283398402525e+00
3.4398626686197531e-02    3.0235002660779933e+00    5.5555078976585355e+00
1.8855327565688640e-02    2.6454465759176138e+00    4.9687941677453544e+00
3.0008703363819222e-02    3.1118399652576061e+00    5.6889469971118496e+00
3.6204808566253632e-04    6.1803925262314108e+00    1.0947797218738305e+01
8.8489203790231841e-03    3.2649819155139252e+00    6.1235905565933706e+00
7.1698215015203459e-04    5.2740395633383530e+00    9.0571152833533493e+00
1.2637609499506652e-02    3.0446667445887163e+00    5.7357514245381394e+00
1.2113644082091923e-02    2.8272532729743425e+00    5.4182734499306031e+00
2.5981382854297408e-02    3.0803600482801516e+00    5.4182213549302523e+00
4.4508308565127663e-04    5.7806781822596127e+00    1.0807935093771354e+01
1.0107813199283555e-02    3.1280557483048259e+00    5.5388082826825897e+00
5.3389820823213086e-04    5.7322430453339006e+00    1.0315182264549513e+01
1.4311540462585981e-03    3.6878473916331833e+00    7.3855638410441617e+00
1.6187685098884685e-02    3.1203059448652102e+00    5.6773168378880072e+00
9.6028536972880829e-04    5.7674631619392471e+00    1.0590461855761021e+01
7.1881240455695661e-04    4.1624056060313102e+00    9.2589496929389483e+00
1.0680740642783348e-03    5.1799483425843018e+00    9.3688210063177824e+00
6.8731819983440801e-03    3.0553555689693481e+00    5.9632212147698151e+00
5.4797001757833641e-04    4.4684080394990060e+00    8.1650997248497124e+00
8.4677401309818379e-03    3.3236058824699248e+00    6.0306468453435560e+00
4.7005818123579957e-04    3.0360372801948032e+00    5.8273959285741839e+00
1.2485705292419880e-03    3.9764137795463892e+00    9.1580500384582972e+00
2.1752717930212384e-04    5.1426172984975738e+00    1.0365358143267120e+01
4.3365249412090634e-03    2.9357964501750287e+00    5.6691816122877281e+00
1.5985643776730285e-03    3.6013063748176202e+00    6.8692102768599499e+00
9.7736630323197460e-04    5.8835354842129739e+00    1.0477599031425990e+01
3.9619597464479739e-04    4.2084042943930333e+00    7.8605771132696525e+00
1.8229174747830257e-03    3.2894438306128957e+00    6.5287999232612419e+00
3.0150112324918155e-03    3.7322039437371801e+00    6.4250776120093818e+00
4.3324494072294328e-05    5.8103144614467714e+00    1.0765194786961741e+01
4.7828682454564841e-04    5.3832247971064078e+00    1.0595383783468371e+01
1.8490570764697623e-02    3.3242429932306234e+00    5.3483334617854954e+00
2.4586586259829346e-03    4.2500551781647280e+00    8.2099976410182638e+00
1.3373342544582556e-02    3.5550483650099323e+00    6.4084362454078407e+00
3.7112598329258617e-04    4.7263377067107140e+00    1.0197144017083973e+01
4.3941739932051860e-04    3.7651882378046881e+00    6.9774131266492088e+00
1.1126725567009998e-03    4.9887356322161223e+00    9.2048850661504105e+00
1.0974726501444820e-04    5.0436725589404121e+00    8.6182876268854987e+00
6.2025272109167418e-04    7.0240793332681175e+00    1.2533266218556669e+01
1.4882431232763338e-03    4.9390293686844577e+00    8.9314298052301950e+00
8.9030494564212859e-05    5.5619636029665509e+00    1.0659013627934103e+01
1.3371707700571278e-04    5.6728204383454219e+00    1.0263567522523596e+01
3.0262669997682679e-04    4.9737198500587176e+00    8.6079242196719701e+00
7.1997132636170136e-05    6.7097712312054121e+00    1.1832758583143120e+01
6.9478394925681641e-04    4.4790108561011719e+00    8.2322732294745595e+00
3.5340054910193430e-04    6.2895586890575412e+00    1.1582619277617335e+01
2.2576199307877687e-04    7.7277320913215108e+00    1.4548046514866128e+01
8.1251301708107349e-04    5.2651237449930157e+00    1.0214024140970817e+01
2.3256705435414915e-04    6.3350013123435192e+00    1.0909708477599533e+01
4.8820468282428919e-04    6.1638850946825130e+00    1.1312696076268386e+01
1.5815763749742473e-03    5.4257509564021129e+00    1.1385817338311771e+01
8.7691066619299818e-04    4.2496206324673143e+00    7.8954108702895338e+00
9.6814442122195032e-04    7.3923924051410399e+00    1.4023886377990097e+01
5.2705237067129929e-05    6.6057531968408636e+00    1.3259173328121747e+01
1.6809126409498276e-03    8.0646054999254755e+00    1.2574374573514564e+01
1.9551850164134521e-04    7.7529625483040805e+00    1.4279742979397565e+01
1.9287692975922255e-04    3.8844310286082813e+00    7.5479779020941482e+00
4.5590793206429225e-04    6.3239393323676492e+00    1.1866662166612894e+01
4.5528603777711396e-03    5.6783712212426050e+00    9.5548851427068104e+00
3.9209512851812178e-04    5.1627605439801156e+00    1.0714223293594312e+01
2.4738209908719000e-03    4.9877409917031050e+00    9.7100325717258649e+00
4.2956802781191072e-04    7.5526534444953786e+00    1.2760589084766796e+01
1.0112701866091811e-03    6.4254388764207579e+00    1.1608044737683896e+01
2.1619385461235652e-04    7.3650822084971699e+00    1.2890330565081177e+01
1.4004241797920258e-03    6.3760668253686061e+00    1.1988348491436978e+01
1.8025336985374452e-03    5.2934234605608745e+00    9.2569925039325369e+00
2.5074034056160599e-04    7.8632683414446243e+00    1.6428935614936240e+01
2.0721429664263269e-03    6.5828178373695936e+00    1.2204043566266758e+01
5.9174365560465958e-05    7.3347866684535665e+00    1.3426767555242188e+01
