# n_sample= 1800, n_shot= 2048, n_iter= 30, n_sample= 1800
0.607593226045452  2.0605590936453169e+00
1.1794456740882304  9.8412002201143167e-01
2.3946321261791343  4.5645615600812306e-01
5.825746814435805  1.7172423785214264e-01
11.401308182852894  8.6792864974569284e-02
22.409467807676375  4.3188136547019695e-02
44.13986083330195  2.1563400240069086e-02
107.9728903460771  8.6160584205359214e-03
160.51183401000733  5.7455119815728040e-03
316.1271814336484  2.8721020023070309e-03
622.926019808599  1.4359242965973351e-03
1227.8744282818532  7.1801870452858907e-04
