# n_sample= 1800, n_shot= 2048, n_iter= 30, n_sample= 1800
0.607593226045452  2.0685090599369946e+00
1.1794456740882304  9.7687201976381843e-01
2.3946321261791343  4.4588936406417828e-01
5.825746814435805  1.6884919988265387e-01
11.401308182852894  8.5605492816722514e-02
22.409467807676375  4.3640438572069347e-02
44.13986083330195  2.1403299139336814e-02
107.9728903460771  8.3450750002890331e-03
160.51183401000733  5.4470894975537478e-03
316.1271814336484  2.8369348435397512e-03
#622.926019808599  2.8635930387887025e-02
1227.8744282818532  7.4580036961506839e-04
