# beta= 1.6, n_shot= 2048, n_iter= 30, nmc= 16384
12.0  2.0960974100051510e+00
30.0  7.7635289385214790e-01
48.0  3.8816697925160605e-02
64.0  1.1649404411110590e-02
80.0  7.0786950066231624e-03
100.0  4.6450217481129206e-03
130.0  3.3156947464812940e-03
164.0  2.1854853916339679e-03
248.0  1.7143836215654260e-03
330.0  1.3907213095284495e-03
412.0  1.4418424617885486e-03
500.0  1.5102661125106387e-03
580.0  1.6163482758553727e-03
664.0  1.5762943318797203e-03
748.0  1.6736976911482830e-03
830.0  1.2830267243356453e-03
