# from exact gaussian
1.2829328000000002  2.2945946896619773e-01
2.5658656000000004  1.7762744672463793e-01
3.8487984000000006  1.2325128095166260e-01
5.131731200000001  8.7537030535118632e-02
6.414664  6.5331724729385421e-02
7.6975967999999995  4.9719912330028038e-02
8.9805296  3.7753250803489458e-02
10.263462400000002  2.8331849977531576e-02
11.546395200000001  2.0956673488461419e-02
12.829328  1.5281155109375000e-02
14.112260800000001  1.0997834843577081e-02
15.395193600000002  7.8242648285558047e-03
16.678126400000004  5.5102223102343473e-03
17.9610592  3.8450320875256239e-03
19.243992000000002  2.6595822777029099e-03
20.526924800000003  1.8232776601783129e-03
21.809857600000004  1.2381282100726310e-03
23.092790400000005  8.3206619906306400e-04
24.375723200000003  5.5277968129452404e-04
25.658656  3.6261017870842238e-04
26.9415888  2.3459844490236748e-04
28.224521600000003  1.4953822798702276e-04
29.507454400000004  9.3826256255979956e-05
30.790387200000005  5.7904155366550469e-05
32.07332000000001  3.5126953945585626e-05
33.3562528  2.0936651829117636e-05
34.639185600000005  1.2256050490933035e-05
35.9221184  7.0445284485742832e-06
37.20505120000001  3.9748889202328996e-06
38.487984000000004  2.2014438236794831e-06
39.7709168  1.1966172559496613e-06
41.05384960000001  6.3831609953268753e-07
42.336782400000004  3.3413757449807235e-07
43.61971520000001  1.7163471976999745e-07
44.902648000000006  8.6508683772024142e-08
46.185580800000004  4.2783373288557414e-08
47.4685136  2.0760500873961973e-08
48.751446400000006  9.8840526874255374e-09
50.034379200000004  4.6169308376420304e-09
51.317312  2.1158239604801565e-09
