# eps= 0.00926042330898665, n_shot= 2048, n_iter=30, n_sample=2000
2.0  2.1379975872084778e-01
4.0  2.0754327920068327e-01
6.0  2.0574104383754133e-01
8.0  1.8305059013907510e-01
10.0  1.6442835117527110e-01
20.0  9.8863033136824541e-02
30.0  7.7635506034679835e-02
40.0  5.2708681082577868e-02
50.0  4.9113978484056631e-02
60.0  4.6586341358587191e-02
70.0  3.5834108005619925e-02
80.0  3.6751357117967842e-02
90.0  3.5327990096114092e-02
100.0  3.7509271620608686e-02
200.0  2.2145954593167261e-02
300.0  1.8504799318080245e-02
400.0  9.4769436855290934e-03
500.0  8.7420041026966544e-03
600.0  7.2308950104957859e-03
700.0  7.0007412777517430e-03
800.0  6.1889529081700090e-03
900.0  6.2713794349633645e-03
1000.0  5.2075712134609375e-03
2000.0  4.2272513409447043e-03
3000.0  4.2546352538952448e-03
4000.0  2.7198973759325895e-03
5000.0  3.5518178368185715e-03
