# eps= 0.11114360055445777, n_shot= 2048, n_iter=30, n_sample=2000
2.0  8.8996293514696989e-01
4.0  4.0283127924340484e-01
6.0  3.3477121641105728e-01
8.0  2.9849781661937980e-01
10.0  2.5411317910160214e-01
20.0  1.4799576661780300e-01
30.0  1.0466734692665487e-01
40.0  9.1062649303334339e-02
50.0  8.3024975120405742e-02
60.0  7.1335966941478784e-02
70.0  6.3214926109836131e-02
80.0  6.0130050354254887e-02
90.0  5.5313936804773492e-02
100.0  4.8423619586828677e-02
200.0  2.6674658353177647e-02
300.0  1.8736345265222928e-02
400.0  1.1341903384205132e-02
500.0  6.6061881293234615e-03
600.0  6.5416141629243661e-03
700.0  3.2017199601491815e-03
800.0  4.8243437190581776e-03
900.0  2.7475489678957742e-03
1000.0  4.1859651383635565e-03
2000.0  4.1903473324682730e-03
3000.0  2.6737653229303624e-03
4000.0  3.7926940211287174e-03
5000.0  3.6034699201760983e-03
10000.0  3.4404697274411570e-03
