# eps= 0.009325638010600778, n_shot= 2048, n_iter=30, n_sample=3000
2.0  9.6502841099610903e-01
4.0  6.8025945899845719e-01
6.0  4.3324343957541939e-01
8.0  3.3443051914012789e-01
10.0  2.6695740459882072e-01
20.0  1.5777250357089562e-01
30.0  1.0457228249033139e-01
40.0  9.6702739582570627e-02
50.0  7.7525103568116788e-02
60.0  6.1570485590570691e-02
70.0  6.0918880254162269e-02
80.0  4.2854727156042216e-02
90.0  4.7612175578658503e-02
100.0  4.4973265146400605e-02
200.0  2.6656099341671437e-02
300.0  2.2192730532345807e-02
400.0  1.7136147891198307e-02
500.0  1.3984855913326892e-02
600.0  1.4151110729243162e-02
700.0  1.2617225966159159e-02
800.0  1.1167682734151066e-02
900.0  9.7397873251100723e-03
1000.0  9.5781287913348240e-03
2000.0  6.4185017080044798e-03
3000.0  5.3627104345917330e-03
4000.0  5.2034172019090148e-03
5000.0  3.5152858295369070e-03
