1.0000000000000000e+00    4.7791974341342414e-05
2.0000000000000000e+00    5.2139049475981400e-05
3.0000000000000000e+00    5.2057408681675361e-05
5.0000000000000000e+00    6.3302221371151063e-05
8.0000000000000000e+00    6.7515390536104764e-05
1.4000000000000000e+01    7.6012973883470223e-05
2.3000000000000000e+01    9.7624331719298540e-05
4.0000000000000000e+01    1.3141251241501371e-04
6.7000000000000000e+01    1.6539474790903890e-04
1.1400000000000000e+02    2.2753863361618120e-04
1.9200000000000000e+02    3.8209199164175426e-04
3.2500000000000000e+02    6.4478152098357375e-04
5.5100000000000000e+02    6.8780150077485803e-04
9.3200000000000000e+02    8.5032050964427004e-04
1.5760000000000000e+03    8.5935825118575932e-04
2.6670000000000000e+03    1.1568997545156317e-03
4.5130000000000000e+03    1.7219228048034356e-03
7.6360000000000000e+03    2.0408916903189443e-03
1.2920000000000000e+04    4.3861627630800253e-03
2.1861000000000000e+04    7.9192332691063148e-03
3.6989000000000000e+04    1.3420584547472117e-02
6.2587000000000000e+04    2.4232590185479626e-02
1.0589800000000000e+05    4.4056599670684024e-02
1.7918000000000000e+05    8.1819470132913408e-02
3.0317500000000000e+05    1.4732332287723515e-01
5.1297700000000000e+05    2.4543866104726336e-01
8.6796400000000000e+05    3.7969001156726145e-01
1.4686070000000000e+06    5.6283031808296979e-01
2.4849030000000000e+06    7.3133648503130411e-01
4.2044900000000000e+06    8.5835847585451308e-01
7.1140550000000000e+06    9.4333406322680746e-01
1.2037079000000000e+07    9.9303318208904678e-01
