# beta= 1.8, n_shot= 2048, n_iter= 30, nmc= 16384
6.0  1.6168409639660053e+00
12.0  1.2381670247799877e-01
18.0  3.1364028826388397e-02
24.0  1.8284919325868967e-02
30.0  1.5540420957209141e-02
36.0  1.9495173504507898e-02
48.0  2.5900066224342606e-02
60.0  2.3903026884405598e-02
90.0  1.7694131193914379e-02
120.0  1.3682166550742636e-02
150.0  1.1609459719178023e-02
180.0  1.0285732896817942e-02
210.0  9.3974659248077987e-03
240.0  9.8141083012361751e-03
270.0  8.6762232288012751e-03
300.0  9.8314751980698983e-03
