0.0000000000000000e+00    2.6090241078691179e-15
1.0000000000000000e-02    4.0007279601190887e-01
2.0000000000000000e-02    4.4454970781549863e-01
2.9999999999999999e-02    4.6168068254345696e-01
4.0000000000000001e-02    4.7076911582959335e-01
5.0000000000000003e-02    4.7641085692002233e-01
5.9999999999999998e-02    4.8026038677154670e-01
7.0000000000000007e-02    4.8305936896365714e-01
8.0000000000000002e-02    4.8518987749737713e-01
8.9999999999999997e-02    4.8686877124819422e-01
1.0000000000000001e-01    4.8822828744068514e-01
1.1000000000000000e-01    4.8935365166967093e-01
1.2000000000000000e-01    4.9030226659213871e-01
1.3000000000000000e-01    4.9111421136871103e-01
1.4000000000000001e-01    4.9181832028168049e-01
1.4999999999999999e-01    4.9243586977091564e-01
1.6000000000000000e-01    4.9298290411334711e-01
1.7000000000000001e-01    4.9347175218394340e-01
1.7999999999999999e-01    4.9391204557064355e-01
1.9000000000000000e-01    4.9431141937093015e-01
2.0000000000000001e-01    4.9467600536195550e-01
2.0999999999999999e-01    4.9501078594034165e-01
2.2000000000000000e-01    4.9531985263596501e-01
2.3000000000000001e-01    4.9560659793168399e-01
2.3999999999999999e-01    4.9587385964250980e-01
2.5000000000000000e-01    4.9612403100775193e-01
2.6000000000000001e-01    4.9635914564114136e-01
2.7000000000000002e-01    4.9658094379935003e-01
2.8000000000000003e-01    4.9679092460003066e-01
2.8999999999999998e-01    4.9699038755409247e-01
2.9999999999999999e-01    4.9718046588733195e-01
3.1000000000000000e-01    4.9736215349317681e-01
3.2000000000000001e-01    4.9753632690172472e-01
3.3000000000000002e-01    4.9770376331730826e-01
3.4000000000000002e-01    4.9786515553139715e-01
3.5000000000000003e-01    4.9802112433493984e-01
3.5999999999999999e-01    4.9817222891695140e-01
3.7000000000000000e-01    4.9831897563209365e-01
3.8000000000000000e-01    4.9846182544048462e-01
3.9000000000000001e-01    4.9860120026177596e-01
4.0000000000000002e-01    4.9873748843810939e-01
4.1000000000000003e-01    4.9887104946358479e-01
4.1999999999999998e-01    4.9900221810888717e-01
4.2999999999999999e-01    4.9913130804689665e-01
4.4000000000000000e-01    4.9925861506707747e-01
4.5000000000000001e-01    4.9938441995217547e-01
4.6000000000000002e-01    4.9950899107946561e-01
4.7000000000000003e-01    4.9963258679989214e-01
4.7999999999999998e-01    4.9975545764147766e-01
4.8999999999999999e-01    4.9987784837801158e-01
5.0000000000000000e-01    5.0000000000000000e-01
5.1000000000000001e-01    5.0012215162198848e-01
5.2000000000000002e-01    5.0024454235852234e-01
5.3000000000000003e-01    5.0036741320010780e-01
5.4000000000000004e-01    5.0049100892053433e-01
5.5000000000000004e-01    5.0061558004782458e-01
5.6000000000000005e-01    5.0074138493292253e-01
5.7000000000000006e-01    5.0086869195310335e-01
5.7999999999999996e-01    5.0099778189111277e-01
5.8999999999999997e-01    5.0112895053641515e-01
5.9999999999999998e-01    5.0126251156189061e-01
6.0999999999999999e-01    5.0139879973822399e-01
6.2000000000000000e-01    5.0153817455951544e-01
6.3000000000000000e-01    5.0168102436790640e-01
6.4000000000000001e-01    5.0182777108304855e-01
6.5000000000000002e-01    5.0197887566506016e-01
6.6000000000000003e-01    5.0213484446860290e-01
6.7000000000000004e-01    5.0229623668269174e-01
6.8000000000000005e-01    5.0246367309827533e-01
6.9000000000000006e-01    5.0263784650682319e-01
7.0000000000000007e-01    5.0281953411266800e-01
7.0999999999999996e-01    5.0300961244590758e-01
7.1999999999999997e-01    5.0320907539996940e-01
7.2999999999999998e-01    5.0341905620064997e-01
7.3999999999999999e-01    5.0364085435885864e-01
7.5000000000000000e-01    5.0387596899224807e-01
7.6000000000000001e-01    5.0412614035749015e-01
7.7000000000000002e-01    5.0439340206831595e-01
7.8000000000000003e-01    5.0468014736403499e-01
7.9000000000000004e-01    5.0498921405965835e-01
8.0000000000000004e-01    5.0532399463804445e-01
8.1000000000000005e-01    5.0568858062906985e-01
8.2000000000000006e-01    5.0608795442935639e-01
8.3000000000000007e-01    5.0652824781605665e-01
8.3999999999999997e-01    5.0701709588665289e-01
8.4999999999999998e-01    5.0756413022908442e-01
8.5999999999999999e-01    5.0818167971831951e-01
8.7000000000000000e-01    5.0888578863128897e-01
8.8000000000000000e-01    5.0969773340786129e-01
8.9000000000000001e-01    5.1064634833032907e-01
9.0000000000000002e-01    5.1177171255931486e-01
9.1000000000000003e-01    5.1313122875180572e-01
9.2000000000000004e-01    5.1481012250262281e-01
9.3000000000000005e-01    5.1694063103634291e-01
9.4000000000000006e-01    5.1973961322845330e-01
9.5000000000000007e-01    5.2358914307997773e-01
9.5999999999999996e-01    5.2923088417040665e-01
9.6999999999999997e-01    5.3831931745654304e-01
9.7999999999999998e-01    5.5545029218450137e-01
9.8999999999999999e-01    5.9992720398809118e-01
1.0000000000000000e+00    9.9999999999999734e-01
