0.0000000000000000e+00    0.0000000000000000e+00
1.0000000000000000e-02    6.4556381857272013e-02
2.0000000000000000e-02    1.2798294687321965e-01
2.9999999999999999e-02    1.8932326185994661e-01
4.0000000000000001e-02    2.4762089362955672e-01
5.0000000000000003e-02    3.0191940899415365e-01
5.9999999999999998e-02    3.5126237476584121e-01
6.9999999999999993e-02    3.9469335775672304e-01
8.0000000000000002e-02    4.3125592477890307e-01
8.9999999999999997e-02    4.5999364264448472e-01
1.0000000000000001e-01    4.7995007816557200e-01
1.1000000000000000e-01    4.9016879815426861e-01
1.2000000000000000e-01    4.9183689139108294e-01
1.3000000000000000e-01    4.9260849548023949e-01
1.3999999999999999e-01    4.9327394142390257e-01
1.5000000000000002e-01    4.9384565349603537e-01
1.6000000000000000e-01    4.9433605597060176e-01
1.6999999999999998e-01    4.9475757312156504e-01
1.7999999999999999e-01    4.9512262922288885e-01
1.9000000000000000e-01    4.9544364854853684e-01
2.0000000000000001e-01    4.9573305537247242e-01
2.0999999999999999e-01    4.9600327396865906e-01
2.2000000000000000e-01    4.9626672861106058e-01
2.3000000000000001e-01    4.9653136593534403e-01
2.3999999999999999e-01    4.9678099435710765e-01
2.5000000000000000e-01    4.9701363571135054e-01
2.6000000000000001e-01    4.9723053686241503e-01
2.6999999999999996e-01    4.9743294467464338e-01
2.7999999999999997e-01    4.9762210601237788e-01
2.8999999999999998e-01    4.9779926773996092e-01
3.0000000000000004e-01    4.9796567672173486e-01
3.1000000000000000e-01    4.9812257982204183e-01
3.2000000000000001e-01    4.9827122390522427e-01
3.3000000000000002e-01    4.9841285583562445e-01
3.3999999999999997e-01    4.9854818522821903e-01
3.4999999999999998e-01    4.9867580618748952e-01
3.5999999999999999e-01    4.9879624171292553e-01
3.7000000000000000e-01    4.9891031089708537e-01
3.8000000000000000e-01    4.9901883283252757e-01
3.9000000000000001e-01    4.9912262661181050e-01
4.0000000000000002e-01    4.9922251132749262e-01
4.0999999999999998e-01    4.9931930607213232e-01
4.1999999999999998e-01    4.9941382993828803e-01
4.2999999999999999e-01    4.9950690201851816e-01
4.4000000000000000e-01    4.9959934140538120e-01
4.4999999999999996e-01    4.9969058026374913e-01
4.6000000000000002e-01    4.9977698255624392e-01
4.7000000000000003e-01    4.9985920627147401e-01
4.7999999999999998e-01    4.9993826758566462e-01
4.9000000000000005e-01    5.0001518267504086e-01
5.0000000000000000e-01    5.0009096771582762e-01
5.1000000000000001e-01    5.0016663888425017e-01
5.2000000000000002e-01    5.0024321235653357e-01
5.3000000000000003e-01    5.0032170430890277e-01
5.3999999999999992e-01    5.0040313091758304e-01
5.5000000000000004e-01    5.0048850835879943e-01
5.5999999999999994e-01    5.0057885280877701e-01
5.6999999999999995e-01    5.0067396960589772e-01
5.7999999999999996e-01    5.0077108252676894e-01
5.8999999999999997e-01    5.0087037578445903e-01
6.0000000000000009e-01    5.0097224384658423e-01
6.0999999999999999e-01    5.0107708118076122e-01
6.2000000000000000e-01    5.0118528225460646e-01
6.3000000000000000e-01    5.0129724153573674e-01
6.4000000000000001e-01    5.0141335349176852e-01
6.4999999999999991e-01    5.0153401259031827e-01
6.6000000000000003e-01    5.0165961329900266e-01
6.7000000000000004e-01    5.0179055008543816e-01
6.7999999999999994e-01    5.0192721741724133e-01
6.9000000000000006e-01    5.0206837413695848e-01
6.9999999999999996e-01    5.0220983454525914e-01
7.1000000000000008e-01    5.0235406793103510e-01
7.1999999999999997e-01    5.0250410211924335e-01
7.2999999999999998e-01    5.0266296493484108e-01
7.3999999999999999e-01    5.0283368420278562e-01
7.5000000000000000e-01    5.0301928774803395e-01
7.6000000000000001e-01    5.0322280339554337e-01
7.7000000000000002e-01    5.0344725897027109e-01
7.8000000000000003e-01    5.0369568229717421e-01
7.8999999999999992e-01    5.0397086812991654e-01
8.0000000000000004e-01    5.0426357542301548e-01
8.0999999999999994e-01    5.0457751965343112e-01
8.1999999999999995e-01    5.0492639303881215e-01
8.2999999999999996e-01    5.0532388779680748e-01
8.3999999999999997e-01    5.0578369614506546e-01
8.5000000000000009e-01    5.0631951030123523e-01
8.5999999999999999e-01    5.0694502248296502e-01
8.7000000000000000e-01    5.0767392490790375e-01
8.8000000000000000e-01    5.0851990979370010e-01
8.9000000000000001e-01    5.0949666935800286e-01
8.9999999999999991e-01    5.1061789581846029e-01
9.1000000000000003e-01    5.1194105089058761e-01
9.2000000000000004e-01    5.2317342634438768e-01
9.2999999999999994e-01    5.5020289219627061e-01
9.4000000000000006e-01    5.9086602363307306e-01
9.5000000000000007e-01    6.4299939584163091e-01
9.5999999999999996e-01    7.0443958400877826e-01
9.6999999999999997e-01    7.7302316332135390e-01
9.8000000000000009e-01    8.4658670896619237e-01
9.8999999999999988e-01    9.2296679613012811e-01
1.0000000000000000e+00    1.0000000000000000e+00
