5.0000000000000000e-01    6.6910150209988029e-02
1.0000000000000000e+00    6.6816412612237266e-02
1.5000000000000000e+00    6.5092631603802617e-02
2.5000000000000000e+00    6.4748989583003527e-02
3.5000000000000000e+00    6.4749129359237628e-02
5.0000000000000000e+00    6.4846916591668941e-02
7.5000000000000000e+00    6.5062693408708808e-02
1.1000000000000000e+01    6.5299456008232920e-02
1.6000000000000000e+01    6.5707430486045146e-02
2.3000000000000000e+01    6.6491606785968493e-02
3.4000000000000000e+01    6.8202528940902174e-02
5.0000000000000000e+01    7.1694677828372008e-02
7.3500000000000000e+01    7.8675583105550423e-02
1.0800000000000000e+02    9.1668386612909936e-02
1.5850000000000000e+02    1.1277305741753593e-01
2.3250000000000000e+02    1.4031090237440652e-01
3.4150000000000000e+02    1.6919026379203866e-01
5.0150000000000000e+02    2.1004676867343247e-01
7.3600000000000000e+02    2.9095817993273598e-01
1.0805000000000000e+03    3.9610775113098928e-01
1.5865000000000000e+03    5.1809539547635852e-01
2.3290000000000000e+03    6.1109425561598429e-01
3.4190000000000000e+03    7.4281443024573868e-01
5.0190000000000000e+03    8.5525617063661619e-01
7.3680000000000000e+03    9.3941933890961449e-01
1.0816500000000000e+04    9.8138273948566535e-01
1.5879000000000000e+04    9.9253846893568165e-01
2.3311000000000000e+04    9.9702322368647145e-01
3.4221000000000000e+04    9.9869592651730366e-01
5.0237500000000000e+04    9.9836386274248212e-01
7.3750000000000000e+04    9.9937735723460164e-01
