# eps= 0.00694647503465361, n_shot= 2048, n_iter=30, n_sample=2000
2.0  6.8335767724741081e-01
4.0  3.3692015982979590e-01
6.0  2.2775454745293827e-01
8.0  1.9721626997525460e-01
10.0  1.5769828447436532e-01
20.0  1.0549304865357438e-01
30.0  7.2754833417551568e-02
40.0  5.8096121833460461e-02
50.0  4.5403274314933677e-02
60.0  4.8843615643768601e-02
70.0  4.2769978472327587e-02
80.0  2.6908374958499039e-02
90.0  3.5988363349709056e-02
100.0  3.0845321196551308e-02
200.0  2.1205490487391763e-02
300.0  1.6615275546436634e-02
400.0  1.0678833349282435e-02
500.0  1.1128230782482380e-02
600.0  1.0237359205485023e-02
700.0  6.6215338020984525e-03
800.0  7.7839242984168184e-03
900.0  7.1120657621945565e-03
1000.0  7.8635920184249031e-03
2000.0  3.2783439928844396e-03
3000.0  2.3652942533544776e-03
4000.0  1.9445990365869767e-03
5000.0  1.6145044169326420e-03
10000.0  6.9484281408242288e-04
