# n_sample= 1800, n_shot= 2048, n_iter= 30, n_sample= 1800
1.5115580128941741  8.0792736984478708e-01
2.9511370727933874  3.6115839079923440e-01
5.830295192591814  1.8618693089114480e-01
13.891937928027408  8.1642326314820934e-02
26.84814946712033  3.8535902344758455e-02
52.3286988273364  2.0690234721925549e-02
102.13813429984918  9.2673224044030889e-03
248.11145097362942  4.2011523378882032e-03
367.74047085125403  2.5521354229276483e-03
721.013172150521  1.3708729968318067e-03
1414.746321115952  6.7000944481954150e-04
2778.3156066524866  3.5370995058237042e-04
