# n_sample= 1800, n_shot= 2048, n_iter= 30, n_sample= 1800
1.5115580128941741  7.9076410596222635e-01
2.9511370727933874  3.5758087936081101e-01
5.830295192591814  1.8587212704028080e-01
13.891937928027408  8.1494508053504042e-02
26.84814946712033  3.6198857396461531e-02
52.3286988273364  2.1100352855681591e-02
102.13813429984918  9.8236111120198668e-03
248.11145097362942  4.0176302103676065e-03
367.74047085125403  2.8037012446077369e-03
721.013172150521  1.4421429075777445e-03
1414.746321115952  9.3779929658627678e-02
2778.3156066524866  3.3183049632512507e-04
