# from exact gaussian
0.86154461  2.5298398037259773e-01
1.72308922  1.5878064857474072e-01
2.5846338300000005  1.4136197939416206e-01
3.44617844  1.3661858028531881e-01
4.30772305  1.3241566280484207e-01
5.16926766  1.2762345158295219e-01
6.03081227  1.2227369193006155e-01
6.89235688  1.1648541796390788e-01
7.75390149  1.1038007723815824e-01
8.6154461  1.0407375720849643e-01
9.47699071  9.7673936821077945e-02
10.338535320000002  9.1277353929864802e-02
11.200079930000001  8.4968642064517041e-02
12.06162454  7.8819498910352337e-02
12.923169150000001  7.2888268076031437e-02
13.78471376  6.7219931031683444e-02
14.646258370000002  6.1846557314346740e-02
15.507802980000001  5.6788237239867811e-02
16.36934759  5.2054451600955787e-02
17.2308922  4.7645759857726233e-02
18.09243681  4.3555644309606123e-02
18.95398142  3.9772343812998656e-02
19.81552603  3.6280539720934257e-02
20.677070640000004  3.3062803088803605e-02
21.538615250000003  3.0100760345582955e-02
22.40015986  2.7375974379445722e-02
23.26170447  2.4870565209084816e-02
24.12324908  2.2567609443793657e-02
24.984793690000004  2.0451363172345083e-02
25.846338300000003  1.8507351902670166e-02
26.70788291  1.6722366440124148e-02
27.56942752  1.5084397160261886e-02
28.43097213  1.3582532321152030e-02
29.292516740000003  1.2206839651415891e-02
30.154061350000003  1.0948244849384281e-02
31.01560596  9.7984160014270572e-03
31.87715057  8.7496592901494807e-03
32.73869518  7.7948286416642532e-03
33.60023979  6.9272500354529143e-03
34.4617844  6.1406599270839024e-03
35.323329009999995  5.4291564711448359e-03
36.18487362  4.7871618450017195e-03
37.04641823  4.2093938502958395e-03
37.907962839999996  3.6908450152104422e-03
38.76950745  3.2267675660158091e-03
39.631052059999995  2.8126628306424095e-03
40.49259667  2.4442738461445401e-03
41.35414128  2.1175801454447196e-03
42.21568589  1.8287938859167241e-03
43.0772305  1.5743566486463578e-03
