# eps= 0.013989622720652491, n_shot= 2048, n_iter=30, n_sample=2000
2.0  1.0386464254158592e+00
4.0  5.9944289873919798e-01
6.0  4.3487692663424415e-01
8.0  3.5400014613282677e-01
10.0  2.7474628573548576e-01
20.0  1.7125984148317919e-01
30.0  1.1119014311384644e-01
40.0  8.9117821313014642e-02
50.0  7.9243070904251076e-02
60.0  6.5794364084014248e-02
70.0  5.5814546505309079e-02
80.0  4.7306018345424521e-02
90.0  4.5256998972017355e-02
100.0  5.1401011446516758e-02
200.0  2.9071409221699675e-02
300.0  1.9777684184020809e-02
400.0  1.9508153824186181e-02
500.0  1.4225619703924389e-02
600.0  1.2694039800439800e-02
700.0  1.2587547624820653e-02
800.0  1.0316123151685492e-02
900.0  1.1130024599903620e-02
1000.0  9.1737636200613561e-03
2000.0  6.6807027249768209e-03
3000.0  5.6819179033257205e-03
4000.0  4.7733611670821574e-03
5000.0  4.2817584595934953e-03
10000.0  3.6420382670428351e-03
