# from exact gaussian
0.86154461  2.5398662713559261e-01
1.72308922  1.5981627185688296e-01
2.5846338300000005  1.4248778658197025e-01
3.44617844  1.3842812166437568e-01
4.30772305  1.3519596408946910e-01
5.16926766  1.3156908670415035e-01
6.03081227  1.2754436443778872e-01
6.89235688  1.2320948741864157e-01
7.75390149  1.1865093995382026e-01
8.6154461  1.1394743459757706e-01
9.47699071  1.0916865303080314e-01
10.338535320000002  1.0437510971439323e-01
11.200079930000001  9.9618631629844856e-02
12.06162454  9.4943094347172519e-02
12.923169150000001  9.0385168874039579e-02
13.78471376  8.5974959448709143e-02
14.646258370000002  8.1736513712584724e-02
15.507802980000001  7.7688246361386604e-02
16.36934759  7.3843336284252103e-02
17.2308922  7.0210147262486089e-02
18.09243681  6.6792698691703123e-02
18.95398142  6.3591188232607010e-02
19.81552603  6.0602550384857068e-02
20.677070640000004  5.7821026181393620e-02
21.538615250000003  5.5238718385034247e-02
22.40015986  5.2846110928719270e-02
23.26170447  5.0632537946249556e-02
24.12324908  4.8586594396581972e-02
24.984793690000004  4.6696485773413343e-02
25.846338300000003  4.4950318312128701e-02
26.70788291  4.3336333570376695e-02
27.56942752  4.1843092602153575e-02
28.43097213  4.0459615530298976e-02
29.292516740000003  3.9175482439596010e-02
30.154061350000003  3.7980901358757535e-02
31.01560596  3.6866748788259684e-02
31.87715057  3.5824587825260323e-02
32.73869518  3.4846668468130559e-02
33.60023979  3.3925914174471217e-02
34.4617844  3.3055898215966550e-02
35.323329009999995  3.2230812839905809e-02
36.18487362  3.1445433729825112e-02
37.04641823  3.0695081772581290e-02
37.907962839999996  2.9975583699314967e-02
38.76950745  2.9283232782375990e-02
39.631052059999995  2.8614750442734760e-02
40.49259667  2.7967249353611834e-02
41.35414128  2.7338198412117265e-02
42.21568589  2.6725389786783182e-02
43.0772305  2.6126908127800164e-02
