0.0000000000000000e+00    0.0000000000000000e+00
5.0000000000000003e-02    9.4694241702074074e-04
1.0000000000000001e-01    1.8352270701514229e-03
1.5000000000000002e-01    2.7440417266790910e-03
2.0000000000000001e-01    3.7263968561801015e-03
2.5000000000000000e-01    4.8409461764470970e-03
3.0000000000000004e-01    6.1616630197138776e-03
3.5000000000000003e-01    7.7872870603847982e-03
4.0000000000000002e-01    9.8565408006938658e-03
4.5000000000000001e-01    1.2576535138999929e-02
5.0000000000000000e-01    1.6277396337460389e-02
5.5000000000000004e-01    2.1515894223577477e-02
6.0000000000000009e-01    2.9254035910407868e-02
6.5000000000000002e-01    4.1131608455490819e-02
7.0000000000000007e-01    5.9849534707795464e-02
7.5000000000000000e-01    8.9820130558004307e-02
8.0000000000000004e-01    1.3846068891104482e-01
8.5000000000000009e-01    2.1870783987028572e-01
9.0000000000000002e-01    3.5387209369700523e-01
9.5000000000000007e-01    5.8669444651967695e-01
1.0000000000000000e+00    1.0000000000000002e+00
