# from exact gaussian
0.6395983900000001  2.2737277373040143e-01
1.1384851342  1.8035819355023186e-01
1.6373718784  1.6006291294359887e-01
2.1362586225999998  1.3267017665152814e-01
2.6351453668  1.0940056747748095e-01
3.134032111  9.4361365636336458e-02
3.6329188552  8.3956136993259989e-02
4.1318055994  7.5435113379943353e-02
4.6306923436  6.7571405137472063e-02
5.1295790878  5.9971977144660293e-02
5.628465832  5.2607081842289460e-02
6.1273525762  4.5568008624558232e-02
6.6262393204  3.8963732725304290e-02
7.125126064600001  3.2884715905447948e-02
7.624012808800001  2.7392895106903126e-02
8.122899553  2.2520761763161978e-02
8.6217862972  1.8273841481589947e-02
9.120673041400002  1.4634767468617582e-02
9.6195597856  1.1568153164501993e-02
10.1184465298  9.0257082360984953e-03
10.617333274000002  6.9511500880272692e-03
11.1162200182  5.2845752955654746e-03
11.6151067624  3.9660781599923922e-03
12.113993506600002  2.9385213134629495e-03
12.6128802508  2.1494623069608920e-03
13.111766994999998  1.5523129753951537e-03
13.6106537392  1.1068535538756308e-03
14.1095404834  7.7924377366400677e-04
14.608427227600002  5.4167369434665602e-04
15.1073139718  3.7178387188419038e-04
15.606200716  2.5196335683475013e-04
16.1050874602  1.6860972499088689e-04
16.6039742044  1.1141137900860798e-04
17.1028609486  7.2690998067947987e-05
17.6017476928  4.6831456356422052e-05
18.100634437  2.9792156293950711e-05
18.5995211812  1.8714333674729744e-05
19.0984079254  1.1607951719838638e-05
19.5972946696  7.1096144065307953e-06
20.0961814138  4.2997779186038088e-06
20.595068158  2.5677676438462527e-06
21.0939549022  1.5141721911859918e-06
21.5928416464  8.8166731071481763e-07
22.0917283906  5.0692556463616256e-07
22.5906151348  2.8780190319821486e-07
23.089501879  1.6134412827994993e-07
23.5883886232  8.9314652562677566e-08
24.0872753674  4.8820511189262561e-08
24.5861621116  2.6350689630305624e-08
25.0850488558  1.4044029050808149e-08
25.5839356  7.3909713904640739e-09
