5.0000000000000000e-01    7.4080556019292920e-02
1.0000000000000000e+00    6.7053914376852333e-02
1.5000000000000000e+00    6.7630045217918461e-02
2.5000000000000000e+00    6.7457740205577862e-02
3.5000000000000000e+00    6.6478967553415855e-02
5.0000000000000000e+00    6.6396429064075432e-02
7.5000000000000000e+00    6.4862539640799771e-02
1.1000000000000000e+01    6.5034463584929744e-02
1.6000000000000000e+01    6.5248344739812267e-02
2.3000000000000000e+01    6.5644703289993278e-02
3.4000000000000000e+01    6.6484006656357328e-02
5.0000000000000000e+01    6.8193609449469020e-02
7.3500000000000000e+01    7.1715089619926939e-02
1.0800000000000000e+02    7.8703431568027407e-02
1.5850000000000000e+02    9.1542001149810412e-02
2.3250000000000000e+02    1.1089391268072087e-01
3.4150000000000000e+02    1.3089289833585865e-01
5.0150000000000000e+02    1.6313157165249620e-01
7.3600000000000000e+02    2.4326133176078216e-01
1.0805000000000000e+03    3.5293871465743459e-01
1.5865000000000000e+03    4.6356703366757546e-01
2.3290000000000000e+03    5.5799655858599140e-01
3.4190000000000000e+03    7.7112307312106720e-01
5.0190000000000000e+03    8.7850490520384372e-01
7.3680000000000000e+03    9.4402398870289128e-01
1.0816500000000000e+04    9.5674839215409391e-01
1.5879000000000000e+04    9.6576126619209246e-01
2.3311000000000000e+04    9.8126223928669210e-01
3.4221000000000000e+04    9.8493473769487960e-01
5.0237500000000000e+04    9.9476253077887022e-01
7.3750000000000000e+04    9.9620258750392521e-01
