# from exact gaussian
1.2829328000000002  2.2945946896619773e-01
2.283620384  1.8968243775282900e-01
3.2843079680000002  1.4546978422105283e-01
4.284995552  1.0898105270502789e-01
5.285683136  8.4341714599358575e-02
6.28637072  6.7179809928647138e-02
7.287058303999999  5.4232688971320719e-02
8.287745888  4.3852462089514432e-02
9.288433472  3.5283591574833295e-02
10.289121055999999  2.8165563356434831e-02
11.28980864  2.2285456212998156e-02
12.290496224  1.7478115973621478e-02
13.291183808000001  1.3594112588203977e-02
14.291871392000001  1.0492837234772345e-02
15.292558976000002  8.0434429015108222e-03
16.29324656  6.1275292802536185e-03
17.293934144  4.6413231394621945e-03
18.294621728000003  3.4965769839390148e-03
19.295309312  2.6201761900264131e-03
20.295996896000002  1.9528133257153968e-03
21.296684480000003  1.4471662032375932e-03
22.297372064  1.0659377221724498e-03
23.298059648000002  7.7999156823427285e-04
24.298747232000004  5.6670705219019624e-04
25.299434816  4.0859746095023297e-04
26.3001224  2.9218814109999158e-04
27.300809984  2.0712567083247535e-04
28.301497568  1.4548006762282739e-04
29.302185152000003  1.0120173521777076e-04
30.302872736  6.9699280864199409e-05
31.30356032  4.7510493137892240e-05
32.304247904  3.2044931330688087e-05
33.304935488000005  2.1381878418935685e-05
34.305623072  1.4111563609198186e-05
35.306310656  9.2106128892766037e-06
36.30699824  5.9448384019944456e-06
37.307685823999996  3.7939711186041336e-06
38.308373408  2.3939931388383684e-06
39.309060992  1.4935009096106455e-06
40.309748576  9.2113942340432686e-07
41.31043616  5.6165501405303075e-07
42.311123744  3.3855398040572027e-07
43.311811328  2.0173979731197278e-07
44.312498912  1.1883738793017073e-07
45.313186496  6.9199932895003258e-08
46.31387408  3.9832987575039169e-08
47.314561664  2.2665143539768451e-08
48.315249248  1.2748121669403645e-08
49.315936832  7.0876104985018173e-09
50.316624416  3.8950505043544581e-09
51.317312  2.1158239604801565e-09
