# beta= 1.6, n_shot= 2048, n_iter= 30, nmc= 16384
12.0  1.2737483858263348e+00
30.0  1.1188193090011294e+00
48.0  3.5850494033409022e-02
64.0  1.6173419685260863e-02
80.0  7.2543177460737537e-03
100.0  4.1225815782575557e-03
130.0  2.5385799250002765e-03
164.0  1.3509817352795512e-03
248.0  1.7244583496453636e-03
330.0  2.0703582599776857e-03
412.0  2.1921555682591649e-03
500.0  2.2777643529506026e-03
580.0  2.1490584891783607e-03
664.0  2.0284549452648606e-03
748.0  2.1741429533286725e-03
830.0  1.9277387156004207e-03
