# from exact gaussian
1.2829328000000002  2.4034068634894368e-01
2.5658656000000004  1.5202589310563042e-01
3.8487984000000006  1.3847419725335897e-01
5.131731200000001  1.3369147907974721e-01
6.414664  1.2906328127351330e-01
7.6975967999999995  1.2382116805620313e-01
8.9805296  1.1804883636814978e-01
10.263462400000002  1.1189166564426500e-01
11.546395200000001  1.0548932495714780e-01
12.829328  9.8969014964797708e-02
14.112260800000001  9.2443056230987253e-02
15.395193600000002  8.6007614585010828e-02
16.678126400000004  7.9742167177702328e-02
17.9610592  7.3709577934010895e-02
19.243992000000002  6.7956751326519793e-02
20.526924800000003  6.2515832636329094e-02
21.809857600000004  5.7405867258719212e-02
23.092790400000005  5.2634773170286309e-02
24.375723200000003  4.8201451473708801e-02
25.658656  4.4097867232945731e-02
26.9415888  4.0310967272947806e-02
28.224521600000003  3.6824348252132211e-02
29.507454400000004  3.3619634127216358e-02
30.790387200000005  3.0677559240835706e-02
32.07332000000001  2.7978778790760828e-02
33.3562528  2.5504442938121485e-02
34.639185600000005  2.3236576557813748e-02
35.9221184  2.1158306349597922e-02
37.20505120000001  1.9253973155809234e-02
38.487984000000004  1.7509161738040291e-02
39.7709168  1.5910674211834674e-02
41.05384960000001  1.4446467582068578e-02
42.336782400000004  1.3105570749122109e-02
43.61971520000001  1.1877992111504199e-02
44.902648000000006  1.0754625477055413e-02
46.185580800000004  9.7271593376966337e-03
47.4685136  8.7879925584566365e-03
48.751446400000006  7.9301580672890282e-03
50.034379200000004  7.1472551036251275e-03
51.317312  6.4333898954664903e-03
52.6002448  5.7831242071451072e-03
53.8831776  5.1914309652083546e-03
55.1661104  4.6536560725627396e-03
56.44904319999999  4.1654855174613203e-03
57.731976  3.7229169394699113e-03
59.01490879999999  3.3222349031127862e-03
60.297841600000005  2.9599892325400390e-03
61.580774399999996  2.6329758647385404e-03
62.86370720000001  2.3382197756731671e-03
64.14664  2.0729596193405087e-03
