0.0000000000000000e+00    0.0000000000000000e+00
5.0000000000000003e-02    8.0321720341446339e-04
1.0000000000000001e-01    1.5479700064602770e-03
1.5000000000000002e-01    2.2943710746427823e-03
2.0000000000000001e-01    3.0773667810222896e-03
2.5000000000000000e-01    3.9320815993557920e-03
3.0000000000000004e-01    4.9009416935523421e-03
3.5000000000000003e-01    6.0392399984194713e-03
4.0000000000000002e-01    7.4225434277418725e-03
4.5000000000000001e-01    9.1590535066777088e-03
5.0000000000000000e-01    1.1412389210483853e-02
5.5000000000000004e-01    1.4446469747072631e-02
6.0000000000000009e-01    1.8717907864071025e-02
6.5000000000000002e-01    2.5066890500851827e-02
7.0000000000000007e-01    3.5093515107580596e-02
7.5000000000000000e-01    5.1872798404856792e-02
8.0000000000000004e-01    8.1364867220608594e-02
8.5000000000000009e-01    1.3576992675428681e-01
9.0000000000000002e-01    2.4231842669790213e-01
9.5000000000000007e-01    4.6826749730459949e-01
1.0000000000000000e+00    1.0000000000000002e+00
