# time_max= 200, n_shot= 2048, n_iter=30, n_sample=61440
2.0  1.9466307821903250e+00
4.0  7.6316406728738184e-01
6.0  7.7598523837156463e-01
8.0  6.3677603933399229e-01
10.0  6.6451449712384947e-01
20.0  9.7378023419243578e-02
30.0  3.4372877501229399e-01
40.0  1.0227531846237461e-01
50.0  1.6147231817975102e-01
75.0  1.6583612127713160e-01
100.0  9.1652814221777304e-02
200.0  2.2348626895544843e-02
300.0  1.0519204294755858e-02
400.0  6.2664110608820133e-03
500.0  4.2602220261019289e-03
1000.0  2.4660003724681096e-03
2000.0  1.8453875004375458e-03
3000.0  2.1667639915691149e-03
4000.0  2.4909772305260459e-03
