# beta = 3.0, n_shot= 10000, nmc= 2593
0.0  1.0000000000000000e+00  -1.6007810593582107e+01
0.1  9.9761743154646820e-01  -1.6017155341693883e+01
0.2  9.9516907057461934e-01  -1.6047306863503795e+01
0.30000000000000004  9.9120794446586669e-01  -1.6100939531003654e+01
0.4  9.8264967219437005e-01  -1.6186228815122018e+01
0.5  9.6405036637100061e-01  -1.6317868582516191e+01
0.6000000000000001  9.2870312379483189e-01  -1.6517373326285540e+01
0.7000000000000001  8.7282807558812037e-01  -1.6819850408730769e+01
0.8  8.3413868106440459e-01  -1.7238476585472451e+01
0.9  8.1823432317778455e-01  -1.7769604158997151e+01
1.0  8.0918357115310691e-01  -1.8393271822861589e+01
