0.0000000000000000e+00    1.6722584507096655e+05    7.1473932405242238e+02    8.2647581997008501e-04
1.0000000000000000e-02    1.3410917423766688e+04    6.7107613107471320e+02    1.7601259740374076e-03
2.0000000000000000e-02    1.8918201112434369e+03    1.7180534463613424e+02    3.8770615117371676e-03
2.9999999999999999e-02    8.4794269417171256e+02    1.1707490650341201e+02    6.3340989437250528e-03
4.0000000000000001e-02    4.6457465234904504e+02    1.2448753010286710e+02    8.9007216114467269e-03
5.0000000000000003e-02    2.3863481608571820e+02    1.3327881189457537e+02    1.1479792282187873e-02
5.9999999999999998e-02    1.2848828843861673e+02    1.3040115362015712e+02    1.4045800161397892e-02
7.0000000000000007e-02    7.3844426623310270e+01    1.0464046221431609e+02    1.6595360847226459e-02
8.0000000000000002e-02    4.5039316694895639e+01    8.0165676092755689e+01    1.9130455073501196e-02
8.9999999999999997e-02    2.8890581469536105e+01    6.1095517881817557e+01    2.1653849425582905e-02
1.0000000000000001e-01    1.9330683156223575e+01    4.6941343925847107e+01    2.4167983189343545e-02
1.1000000000000000e-01    1.3400870404793555e+01    3.6519703270522029e+01    2.6674792632064737e-02
1.2000000000000000e-01    9.5732467882557053e+00    2.8799138373340451e+01    2.9175768113063327e-02
1.3000000000000000e-01    7.0167379125044960e+00    2.3014183914175725e+01    3.1672050336965185e-02
1.4000000000000001e-01    5.2581874067910723e+00    1.8622619735172254e+01    3.4164516212115359e-02
1.4999999999999999e-01    4.0171384323766333e+00    1.5244275401066746e+01    3.6653845669306406e-02
1.6000000000000000e-01    3.1214264439396229e+00    1.2611864340777606e+01    3.9140571274842273e-02
1.7000000000000001e-01    2.4620277524241190e+00    1.0535728484678453e+01    4.1625114613836445e-02
1.7999999999999999e-01    1.9679833957558728e+00    8.8797487543782747e+00    4.4107812907370203e-02
1.9000000000000000e-01    1.5919659013875944e+00    7.5450183936160986e+00    4.6588938586268114e-02
2.0000000000000001e-01    1.3017077918386017e+00    6.4587589891682944e+00    4.9068713829228727e-02
2.0999999999999999e-01    1.0747731683644828e+00    5.5667743152166835e+00    5.1547321436274274e-02
2.2000000000000000e-01    8.9528101899859336e-01    4.8282327100551106e+00    5.4024913046774259e-02
2.3000000000000001e-01    7.5180745014237338e-01    4.2120359472504498e+00    5.6501615424778606e-02
2.3999999999999999e-01    6.3601184623381657e-01    3.6942486668720198e+00    5.8977535297856321e-02
2.5000000000000000e-01    5.4172336688725986e-01    3.2562773865728305e+00    6.1452763122687770e-02
2.6000000000000001e-01    4.6431611372772591e-01    2.8835255778330136e+00    6.3927376046564177e-02
2.7000000000000002e-01    4.0028671984549058e-01    2.5644622420516994e+00    6.6401440241747878e-02
2.8000000000000003e-01    3.4695096980493284e-01    2.2898872953193212e+00    6.8875012781148826e-02
2.8999999999999998e-01    3.0223294217798535e-01    2.0524107847092043e+00    7.1348143136432896e-02
2.9999999999999999e-01    2.6451191605491026e-01    1.8460507968623006e+00    7.3820874396048453e-02
3.1000000000000000e-01    2.3251245765771267e-01    1.6659375684502293e+00    7.6293244254642900e-02
3.2000000000000001e-01    2.0522251135605002e-01    1.5080793040901339e+00    7.8765285829021536e-02
3.3000000000000002e-01    1.8183270711571611e-01    1.3691820368017471e+00    8.1237028328416727e-02
3.4000000000000002e-01    1.6169175785506046e-01    1.2465162030194632e+00    8.3708497611468147e-02
3.4999999999999998e-01    1.4427216345896285e-01    1.1378082196502586e+00    8.6179716650690352e-02
3.5999999999999999e-01    1.2914301222898214e-01    1.0411466176242634e+00    8.8650705925047646e-02
3.7000000000000000e-01    1.1595186326655531e-01    9.5492971681426975e-01    9.1121483745041587e-02
3.8000000000000000e-01    1.0440774445534839e-01    8.7780031450672913e-01    9.3592066532764306e-02
3.9000000000000001e-01    9.4269155945804928e-02    8.0860309802278985e-01    9.6062469059560840e-02
4.0000000000000002e-01    8.5335437266257974e-02    7.4635718691761921e-01    9.8532704645776903e-02
4.0999999999999998e-01    7.7438150169171757e-02    6.9021849673612234e-01    1.0100278533465712e-01
4.1999999999999998e-01    7.0436219504408565e-02    6.3946634585310602e-01    1.0347272204249691e-01
4.2999999999999999e-01    6.4210180147293711e-02    5.9347600653339372e-01    1.0594252468618492e-01
4.4000000000000000e-01    5.8658829034886832e-02    5.5170744365569557e-01    1.0841220229478665e-01
4.5000000000000001e-01    5.3696202305067678e-02    5.1369329224521121e-01    1.1088176310636300e-01
4.6000000000000002e-01    4.9248600307227199e-02    4.7902388674155388e-01    1.1335121465305065e-01
4.6999999999999997e-01    4.5253220523393145e-02    4.4734493939195147e-01    1.1582056383406325e-01
4.7999999999999998e-01    4.1655731744285898e-02    4.1834296945391636e-01    1.1828981698171503e-01
4.8999999999999999e-01    3.8409503158653678e-02    3.9174506161685224e-01    1.2075897991699946e-01
5.0000000000000000e-01    3.5473971106098692e-02    3.6730876645680394e-01    1.2322805800135939e-01
5.1000000000000001e-01    3.2814138932676130e-02    3.4482221601689500e-01    1.2569705617966065e-01
5.2000000000000002e-01    3.0399355215627890e-02    3.2409594456633184e-01    1.2816597902120463e-01
5.3000000000000003e-01    2.8202965934383831e-02    3.0496292191894536e-01    1.3063483075241322e-01
5.4000000000000004e-01    2.6201674025943700e-02    2.8727496719346057e-01    1.3310361529083536e-01
5.5000000000000004e-01    2.4374996900989133e-02    2.7089959088504073e-01    1.3557233627062715e-01
5.6000000000000005e-01    2.2704910259754178e-02    2.5571838116365425e-01    1.3804099706882766e-01
5.6999999999999995e-01    2.1175543194212682e-02    2.4162560213078005e-01    1.4050960082678898e-01
5.7999999999999996e-01    1.9772901341873143e-02    4.7841569418385615e-01    1.4297815047055451e-01
5.8999999999999997e-01    1.8484554218351441e-02    8.1681881165606596e-01    1.4544664872860835e-01
5.9999999999999998e-01    1.7299411310809604e-02    9.7833869868127410e-01    1.4791509814870096e-01
6.0999999999999999e-01    1.6207738844346668e-02    1.0691138490080736e+00    1.5038350111117893e-01
6.2000000000000000e-01    1.5200850749548807e-02    1.1196071276419881e+00    1.5285185984421901e-01
6.3000000000000000e-01    1.4270939976841574e-02    1.1441787522369207e+00    1.5532017643306517e-01
6.4000000000000001e-01    1.3411005147373478e-02    1.1510369031764722e+00    1.5778845283359999e-01
6.5000000000000002e-01    1.2614782252767978e-02    1.1453902861127472e+00    1.6025669088035954e-01
6.6000000000000003e-01    1.1876740996846468e-02    1.1307721415386098e+00    1.6272489229628206e-01
6.7000000000000004e-01    1.1191811882355206e-02    1.1096707645020629e+00    1.6519305870126288e-01
6.8000000000000005e-01    1.0555492909716019e-02    1.0839019074098506e+00    1.6766119161785298e-01
6.8999999999999995e-01    9.9636690461134807e-03    1.0548097686697384e+00    1.7012929248106445e-01
6.9999999999999996e-01    9.4126617503873106e-03    1.0234116778657374e+00    1.7259736264085745e-01
7.0999999999999996e-01    8.8991348779659182e-03    9.9048252041499041e-01    1.7506540337166143e-01
7.1999999999999997e-01    8.4200728628106691e-03    9.5661799212824350e-01    1.7753341587413729e-01
7.2999999999999998e-01    7.9727088644264421e-03    9.2227384527531897e-01    1.8000140128283704e-01
7.3999999999999999e-01    7.5546112252131451e-03    8.8781086831229172e-01    1.8246936066840647e-01
7.5000000000000000e-01    7.1634261815959142e-03    8.5349151204043538e-01    1.8493729504301371e-01
7.6000000000000001e-01    6.7971649128951367e-03    8.1953374724116834e-01    1.8740520536523775e-01
7.7000000000000002e-01    6.4539133281311572e-03    7.8609283824760157e-01    1.8987309253869000e-01
7.8000000000000003e-01    6.1319773989900132e-03    7.5329110832268065e-01    1.9234095742183399e-01
7.9000000000000004e-01    5.8297814689345839e-03    7.2121575108892255e-01    1.9480880082423369e-01
8.0000000000000004e-01    5.5458749275347228e-03    6.8992766129199190e-01    1.9727662351439790e-01
8.1000000000000005e-01    5.2789665112455871e-03    6.5947233498235835e-01    1.9974442622151400e-01
8.1999999999999995e-01    5.0278015135705335e-03    6.2987000746197608e-01    2.0221220963422581e-01
8.2999999999999996e-01    4.7913180744904799e-03    6.0113962518048092e-01    2.0467997440700003e-01
8.3999999999999997e-01    4.5684868815836152e-03    5.7328252066515606e-01    2.0714772116292579e-01
8.4999999999999998e-01    4.3583701606184520e-03    5.4629284415134505e-01    2.0961545048594132e-01
8.5999999999999999e-01    4.1601096302559650e-03    5.2015861661870533e-01    2.1208316293726170e-01
8.7000000000000000e-01    3.9729109804872076e-03    4.9486191272680624e-01    2.1455085904462123e-01
8.8000000000000000e-01    3.7960444186636438e-03    4.7038069945579697e-01    2.1701853930986204e-01
8.9000000000000001e-01    3.6288186444959603e-03    4.4668707891265014e-01    2.1948620421035514e-01
9.0000000000000002e-01    3.4706104281568700e-03    4.2375217529565884e-01    2.2195385419732361e-01
9.1000000000000003e-01    3.3208514357199468e-03    4.0154542685119438e-01    2.2442148969986420e-01
9.2000000000000004e-01    3.1790029685455534e-03    3.8003225124398354e-01    2.2688911112427945e-01
9.3000000000000005e-01    3.0445620303820582e-03    3.5917538544139499e-01    2.2935671885629461e-01
9.3999999999999995e-01    2.9170625712134604e-03    3.3893540596909760e-01    2.3182431326101494e-01
9.4999999999999996e-01    2.7960773913732642e-03    3.1927107428059676e-01    2.3429189468549794e-01
9.5999999999999996e-01    2.6812315813585937e-03    3.0014066955805541e-01    2.3675946345814225e-01
9.6999999999999997e-01    2.5721302915002711e-03    2.8149339313040517e-01    2.3922701988732342e-01
9.7999999999999998e-01    2.4684478890855239e-03    2.6327867754093737e-01    2.4169456427073044e-01
9.8999999999999999e-01    2.3698490284550836e-03    2.4543606904440432e-01    2.4416209688355650e-01
1.0000000000000000e+00    2.2760422430932966e-03    2.2789896655175770e-01    2.4662961798996719e-01
# T_asp_est_max: 1.6722584507096655e+05
# T_asp_est_opt_max: 7.1473932405242238e+02
# gap_est_min: 8.2647581997008501e-04
