# beta = 4.2, n_shot= 2048, n_iter=30
30  2.0980129195667341e+00
60  9.8009844754397579e-01
120  1.7215198090910810e+00
180  2.8024605768410471e-01
240  2.8523489228284299e-01
480  7.5922807387483596e-02
960  3.7598694543430608e-02
1920  2.2038849223846670e-02
3840  1.9761565410192125e-02
7680  1.5214662489320336e-02
15360  9.8834256393377732e-03
30720  5.6706573276362826e-03
61440  6.1883508982448392e-03
122880  4.2245867077665387e-03
245760  2.6270654259344423e-03
491520  2.7550645563150528e-03
