# eps= 0.0069948113603262455, n_shot= 2048, n_iter=30, n_sample=2000
2.0  1.0549647546626066e+00
4.0  6.1160665628400490e-01
6.0  4.2936195601237942e-01
8.0  3.6296348860647970e-01
10.0  2.6324521152183872e-01
20.0  1.3351372569774492e-01
30.0  1.0716210118014284e-01
40.0  9.0530895888951926e-02
50.0  7.5335415878904161e-02
60.0  6.9730881759301394e-02
70.0  5.7160117083454649e-02
80.0  4.9944923859949239e-02
90.0  5.3018320561598269e-02
100.0  5.1122142674052046e-02
200.0  2.8309575011021101e-02
300.0  2.3941265669514187e-02
400.0  1.7873350478112469e-02
500.0  1.4661201991593605e-02
600.0  1.5398861454538230e-02
700.0  1.1708818608647675e-02
800.0  1.0750169220782623e-02
900.0  1.0522784721992787e-02
1000.0  1.0561073580228590e-02
2000.0  6.7017295882146515e-03
3000.0  4.6700638183803985e-03
4000.0  4.1380429453404585e-03
5000.0  3.4208499606208421e-03
10000.0  2.5137989488687395e-03
