# beta = 3.0, n_shot= 10000, nmc= 1600
0.0  1.0000000000000000e+00  -1.6007810593582072e+01
0.1  9.9701412499999831e-01  -1.6017773466475170e+01
0.2  9.9438537499999957e-01  -1.6048560700247588e+01
0.30000000000000004  9.9170837500000020e-01  -1.6100800603939035e+01
0.4  9.8787162500000170e-01  -1.6176545643179331e+01
0.5  9.8252999999999913e-01  -1.6277705276981862e+01
0.6000000000000001  9.7522237500000020e-01  -1.6407931729179495e+01
0.7000000000000001  9.6416974999999960e-01  -1.6573530940314257e+01
0.8  9.4258437500000070e-01  -1.6782343944455132e+01
0.9  8.9091162500000065e-01  -1.7051142350806604e+01
1.0  7.6264712500000087e-01  -1.7408739745538799e+01
