5.0000000000000000e-01    6.4849615834642032e-05
1.0000000000000000e+00    6.8624412156902695e-05
1.5000000000000000e+00    7.4880872718683481e-05
2.5000000000000000e+00    9.4652436884683542e-05
4.0000000000000000e+00    1.4130132526807019e-04
6.0000000000000000e+00    2.3048393450351425e-04
9.0000000000000000e+00    4.0263446211120192e-04
1.3500000000000000e+01    6.7889385286711262e-04
2.0000000000000000e+01    9.8914766015489462e-04
3.0000000000000000e+01    1.4012917022284790e-03
4.5500000000000000e+01    2.1946076876903837e-03
6.8000000000000000e+01    3.2777473196416115e-03
1.0300000000000000e+02    4.9053077689303242e-03
1.5500000000000000e+02    7.3864750471317473e-03
2.3300000000000000e+02    1.1098917799924845e-02
3.5150000000000000e+02    1.6702054441152987e-02
5.2900000000000000e+02    2.5032502992207564e-02
7.9700000000000000e+02    3.7492337004908984e-02
1.2005000000000000e+03    5.5928782254671044e-02
1.8085000000000000e+03    8.3042019009041484e-02
2.7240000000000000e+03    1.2241804147653111e-01
4.1035000000000000e+03    1.7857419737306296e-01
6.1815000000000000e+03    2.5645708563308045e-01
9.3110000000000000e+03    3.6004433418130988e-01
1.4025500000000000e+04    4.8949640732760069e-01
2.1126500000000000e+04    6.3678866720208316e-01
3.1823500000000000e+04    7.8250256271677465e-01
4.7936500000000000e+04    8.9954014793502934e-01
7.2208000000000000e+04    9.6861836306927951e-01
1.0876850000000000e+05    9.9456110842432643e-01
1.6384000000000000e+05    9.9961188631243614e-01
