5.0000000000000000e-01    6.6559319614242204e-02
1.0000000000000000e+00    6.6721915893938957e-02
1.5000000000000000e+00    6.4711008612722096e-02
2.0000000000000000e+00    6.4719427910333985e-02
3.0000000000000000e+00    6.4739569784261139e-02
5.0000000000000000e+00    6.4827673277545836e-02
8.0000000000000000e+00    6.5019660671787091e-02
1.2500000000000000e+01    6.5292329134526719e-02
2.0000000000000000e+01    6.5863925611180138e-02
3.2000000000000000e+01    6.7251503458802653e-02
5.1000000000000000e+01    7.0563385706882253e-02
8.1000000000000000e+01    7.8349440501623221e-02
1.2800000000000000e+02    9.5078800978692271e-02
2.0350000000000000e+02    1.2574064184704059e-01
3.2300000000000000e+02    1.6288743075972598e-01
5.1300000000000000e+02    2.0848812495366745e-01
8.1450000000000000e+02    3.0393121625968433e-01
1.2935000000000000e+03    4.4509009907201486e-01
2.0535000000000000e+03    5.9555758748519050e-01
3.2605000000000000e+03    7.3573774579892359e-01
5.1760000000000000e+03    9.1533909224895493e-01
8.2180000000000000e+03    9.9539807599737196e-01
1.3047000000000000e+04    9.9677679258469021e-01
2.0714000000000000e+04    9.9962677608219019e-01
3.2886000000000000e+04    9.9946287908255382e-01
5.2211000000000000e+04    9.9983339331715859e-01
8.2892500000000000e+04    9.9990877262621458e-01
1.3160300000000000e+05    9.9965486643577040e-01
2.0893850000000000e+05    9.9977123774311161e-01
3.3171850000000000e+05    9.9990061623932014e-01
5.2664950000000000e+05    9.9981000125973962e-01
8.3612900000000000e+05    9.9982700431417826e-01
