# eps= 0.0123492889504953, n_shot= 2048, n_iter=30, n_sample=2000
2.0  6.6927761995222879e-01
4.0  3.0963650443037888e-01
6.0  2.7743965696149636e-01
8.0  1.9297678789658448e-01
10.0  1.6558705088513043e-01
20.0  9.0884818341578522e-02
30.0  7.0464298009227377e-02
40.0  6.0938182405337035e-02
50.0  6.1427152778881104e-02
60.0  5.0204840812540279e-02
70.0  4.0229370480322227e-02
80.0  4.0083491912982439e-02
90.0  3.8500187470159195e-02
100.0  3.4339348014377970e-02
200.0  2.2563728458209552e-02
300.0  1.7256297841872364e-02
400.0  1.4519423710688588e-02
500.0  1.1305418234294191e-02
600.0  1.1695333385950531e-02
700.0  1.0236487582663874e-02
800.0  9.9396648595998730e-03
900.0  1.0807601713634322e-02
1000.0  7.9463751981265311e-03
2000.0  5.8842356188173166e-03
3000.0  4.5299832318558353e-03
4000.0  3.7554850348804200e-03
5000.0  3.7538452353308217e-03
