# n_sample= 2000, n_shot= 2048, n_iter= 30, n_sample= 2000
0.7917684829445678  1.4764246467649400e+00
1.511558012894175  7.3472259447185628e-01
2.231347542843782  4.7886272248453388e-01
2.951137072793389  3.5800793164074918e-01
3.670926602742996  2.8434545283803381e-01
4.390716132692603  2.3705220391014059e-01
4.966547756652289  2.0326035788016306e-01
5.686337286601896  1.7836528539095475e-01
6.406126816551503  1.5894878234942844e-01
7.125916346501111  1.4305266749178358e-01
7.845705876450717  1.3003237659584421e-01
8.565495406400325  1.1888123721196386e-01
9.14132703036001  1.0972840962716113e-01
9.861116560309616  1.0167662630462715e-01
10.580906090259225  9.4986884152307383e-02
11.300695620208831  8.8922860272536042e-02
11.876527244168518  8.3860484099833599e-02
12.596316774118124  7.9188162405953832e-02
13.31610630406773  7.5208515645162066e-02
14.035895834017339  7.1401045920953976e-02
14.611727457977024  6.8061724510686261e-02
15.331516987926632  6.4855935666917830e-02
16.051306517876238  6.2048169707322742e-02
16.627138141835925  5.9379119989683815e-02
17.34692767178553  5.7013576268161614e-02
18.066717201735138  5.4773359112539666e-02
18.786506731684746  5.2773585028310421e-02
19.362338355644432  5.0906426969119067e-02
20.082127885594037  4.9201713061123087e-02
20.801917415543645  4.7589112818640089e-02
21.377749039503332  4.6058079017731401e-02
22.097538569452936  4.4616612534650102e-02
22.817328099402545  4.3237687833837413e-02
23.39315972336223  4.1962353908127525e-02
24.11294925331184  4.0726287660998395e-02
24.832738783261444  3.9595153041878106e-02
25.40857040722113  3.8497732004481477e-02
26.12835993717074  3.7514843578161816e-02
26.848149467120344  3.6552659469949234e-02
27.42398109108003  3.5679764504250144e-02
28.14377062102964  3.4800644878391296e-02
28.863560150979243  3.3994048156568368e-02
29.43939177493893  3.3183071627776783e-02
30.159181304888538  3.2438643940153611e-02
30.735012928848224  3.1690737110828593e-02
31.45480245879783  3.0999669401461816e-02
32.17459198874744  3.0317840739316537e-02
32.750423612707124  2.9694248437838411e-02
33.47021314265673  2.9089491239556509e-02
34.19000267260634  2.8524525017914470e-02
34.76583429656602  2.7971701542089278e-02
35.48562382651563  2.7441346932830513e-02
36.061455450475314  2.6927745833729588e-02
36.781244980424916  2.6427197418231074e-02
37.50103451037453  2.5944853541007618e-02
38.07686613433422  2.5466455578865066e-02
38.796655664283826  2.5014996722902083e-02
39.372487288243505  2.4571454777355228e-02
40.09227681819311  2.4163655108790039e-02
40.81206634814272  2.3758089978359820e-02
41.38789797210241  2.3382969065682602e-02
42.107687502052016  2.3003187057071273e-02
42.827477032001624  2.2652133338548097e-02
43.40330865596131  2.2293942387451082e-02
44.12309818591091  2.1958500531185976e-02
44.6989298098706  2.1612938841862217e-02
45.41871933982021  2.1289202828517872e-02
45.99455096377989  2.0963732000337743e-02
46.7143404937295  2.0662795481856122e-02
47.43413002367911  2.0363806703786125e-02
48.0099616476388  2.0082953279436211e-02
48.7297511775884  1.9804982237173974e-02
49.305582801548084  1.9540624198182144e-02
50.02537233149769  1.9280951479990094e-02
50.7451618614473  1.9026684156319362e-02
51.32099348540699  1.8775601683348242e-02
52.040783015356595  1.8525504696881967e-02
52.61661463931628  1.8285062001865526e-02
53.33640416926588  1.8047214138466217e-02
53.91223579322557  1.7823176088230142e-02
54.63202532317518  1.7598833653298840e-02
55.351814853124786  1.7389482814689217e-02
55.92764647708447  1.7178962784374363e-02
56.64743600703408  1.6983863486267126e-02
57.22326763099377  1.6783553345272040e-02
57.94305716094337  1.6594109183584393e-02
58.518888784903055  1.6397176152455728e-02
59.23867831485266  1.6211870746685619e-02
59.95846784480227  1.6022727137510628e-02
60.53429946876196  1.5845640631741986e-02
61.254088998711566  1.5666161784077204e-02
61.82992062267125  1.5497620119020894e-02
62.549710152620854  1.5329987707435322e-02
63.12554177658055  1.5172109155582092e-02
63.84533130653015  1.5015154364741434e-02
64.42116293048984  1.4861972903954523e-02
65.14095246043944  1.4708903397613327e-02
65.86074199038904  1.4557385035125492e-02
66.43657361434873  1.4409329356483980e-02
67.15636314429834  1.4261790885472081e-02
67.73219476825803  1.4119495659805636e-02
68.45198429820763  1.3976844075486383e-02
69.02781592216732  1.3842811409313427e-02
69.74760545211693  1.3708913416945023e-02
70.32343707607662  1.3584005243139075e-02
71.04322660602622  1.3455761737089844e-02
71.76301613597582  1.3334357956319209e-02
72.3388477599355  1.3208470489084689e-02
73.05863728988513  1.3089791697241893e-02
73.63446891384481  1.2966880671621439e-02
74.35425844379441  1.2850351904626578e-02
74.9300900677541  1.2730569581400175e-02
75.6498795977037  1.2618278351647305e-02
76.22571122166339  1.2505813578821190e-02
76.945500751613  1.2400260008302411e-02
77.52133237557268  1.2294186424453457e-02
78.24112190552229  1.2191766141262050e-02
78.81695352948198  1.2089161708065177e-02
79.53674305943159  1.1988682253674554e-02
80.11257468339127  1.1888862481942652e-02
80.83236421334088  1.1788890483648728e-02
81.55215374329049  1.1690629520135332e-02
82.12798536725018  1.1592405441367859e-02
82.84777489719978  1.1499126621631106e-02
83.42360652115946  1.1406024903420686e-02
84.14339605110906  1.1318201433429209e-02
84.71922767506875  1.1228622584841474e-02
85.43901720501836  1.1144215846739414e-02
86.01484882897805  1.1057392576095282e-02
86.73463835892765  1.0975287644599874e-02
87.31046998288734  1.0889340266919234e-02
88.03025951283695  1.0807231058432620e-02
88.60609113679664  1.0722172165170463e-02
89.32588066674624  1.0642352958802448e-02
89.90171229070593  1.0561388135490901e-02
90.62150182065554  1.0485182573544805e-02
91.19733344461523  1.0408010788642841e-02
91.91712297456483  1.0334594062504365e-02
92.4929545985245  1.0261076912680522e-02
93.21274412847411  1.0189821502638807e-02
93.7885757524338  1.0117990889009221e-02
94.50836528238341  1.0046218750362712e-02
95.0841969063431  9.9748138852451262e-03
95.8039864362927  9.9037149787548628e-03
96.52377596624231  9.8350296964468953e-03
97.099607590202  9.7662175415624830e-03
97.8193971201516  9.7004974096268626e-03
98.3952287441113  9.6341890378397466e-03
99.1150182740609  9.5719340532909314e-03
99.69084989802059  9.5083941930624860e-03
100.4106394279702  9.4480492430015772e-03
100.98647105192988  9.3847615197795164e-03
101.70626058187948  9.3242779953044419e-03
102.28209220583916  9.2614005207867223e-03
103.00188173578877  9.2020383199624689e-03
103.57771335974846  9.1408337637126635e-03
104.29750288969807  9.0829403490619853e-03
104.87333451365775  9.0240493354727391e-03
105.59312404360736  8.9687262880691065e-03
106.16895566756705  8.9131652690443985e-03
106.88874519751666  8.8597484239496538e-03
107.46457682147634  8.8054361486111787e-03
108.18436635142595  8.7517980976894449e-03
108.76019797538564  8.6980496320379075e-03
109.47998750533525  8.6446708008143247e-03
110.05581912929493  8.5919951064514777e-03
110.77560865924453  8.5390467797470393e-03
111.35144028320421  8.4879089534695140e-03
112.07122981315382  8.4368364453517586e-03
112.6470614371135  8.3887018175232697e-03
113.36685096706312  8.3398281261359841e-03
113.9426825910228  8.2932702698794714e-03
114.66247212097241  8.2448630781470911e-03
115.2383037449321  8.1988071350060920e-03
115.9580932748817  8.1508341773304238e-03
116.53392489884139  8.1051073227680348e-03
117.253714428791  8.0573006886108800e-03
117.82954605275069  8.0119305348631542e-03
118.5493355827003  7.9655894705794594e-03
119.12516720665998  7.9222556080136286e-03
119.84495673660957  7.8783670714024367e-03
120.42078836056929  7.8364709269642674e-03
120.99661998452898  7.7938308945260104e-03
121.71640951447856  7.7524555161705422e-03
122.29224113843824  7.7107462590060294e-03
123.01203066838785  7.6694025645824837e-03
123.58786229234754  7.6278053645086885e-03
124.30765182229715  7.5860628152693010e-03
124.88348344625683  7.5453148539708081e-03
125.60327297620644  7.5048145473957106e-03
126.17910460016613  7.4661432520457538e-03
126.89889413011574  7.4270379963685684e-03
127.47472575407542  7.3897663368462929e-03
128.19451528402502  7.3516035925003109e-03
128.7703469079847  7.3154342325860711e-03
129.4901364379343  7.2777287495995324e-03
130.06596806189398  7.2414930450488413e-03
130.7857575918436  7.2033778608115995e-03
131.3615892158033  7.1671604959817614e-03
132.0813787457529  7.1299063207845848e-03
259.91599926480313  3.5653164563225204e-03
386.31104072395414  2.3769206640480434e-03
511.8423347471656  1.7828303427176451e-03
636.6538392404275  1.4262569143337345e-03
