0.0000000000000000e+00    0.0000000000000000e+00
5.0000000000000003e-02    7.0062805612234539e-04
1.0000000000000001e-01    1.3448468943095845e-03
1.5000000000000002e-01    1.9815700189976999e-03
2.0000000000000001e-01    2.6365272818310902e-03
2.5000000000000000e-01    3.3331460631600852e-03
3.0000000000000004e-01    4.0981394114717783e-03
3.5000000000000003e-01    4.9651918425022493e-03
4.0000000000000002e-01    5.9792445275950144e-03
4.5000000000000001e-01    7.2029204428742874e-03
5.0000000000000000e-01    8.7275019378303259e-03
5.5000000000000004e-01    1.0693331386531424e-02
6.0000000000000009e-01    1.3330773260475463e-02
6.5000000000000002e-01    1.7049233303922638e-02
7.0000000000000007e-01    2.2642648758904864e-02
7.5000000000000000e-01    3.1777480977109231e-02
8.0000000000000004e-01    4.8180017589929389e-02
8.5000000000000009e-01    8.0691787262025236e-02
9.0000000000000002e-01    1.5295812315118526e-01
9.5000000000000007e-01    3.4286693789408584e-01
1.0000000000000000e+00    1.0000000000000002e+00
