# from exact gaussian
1.07594  2.4958810157487932e-01
2.15188  1.5457336678419864e-01
3.2278200000000004  1.3945766476003030e-01
4.30376  1.3461892894653360e-01
5.3797  1.3008498624625631e-01
6.45564  1.2491629324690479e-01
7.53158  1.1917141709160717e-01
8.60752  1.1298611402878223e-01
9.68346  1.0649692289797841e-01
10.7594  9.9833325420451757e-02
11.83534  9.3114149057672790e-02
12.911280000000001  8.6444983610469706e-02
13.987220000000002  7.9916350053579777e-02
15.06316  7.3602569165554854e-02
16.139100000000003  6.7561379214993167e-02
17.21504  6.1834356131424073e-02
18.29098  5.6448107292215610e-02
19.36692  5.1416097193360599e-02
20.44286  4.6740877490147881e-02
21.5188  4.2416465444787832e-02
22.594739999999998  3.8430642206975563e-02
23.67068  3.4767004625507525e-02
24.74662  3.1406676624257557e-02
25.822560000000003  2.8329650115743732e-02
26.898500000000002  2.5515771954040645e-02
27.974439999999998  2.2945421283797174e-02
29.05038  2.0599933988144414e-02
30.12632  1.8461832440710424e-02
31.202260000000003  1.6514913803415965e-02
32.278200000000005  1.4744242021464515e-02
33.35414  1.3136079658860211e-02
34.43008  1.1677787077758239e-02
35.50602  1.0357708839642044e-02
36.58196  9.1650608419868718e-03
37.657900000000005  8.0898266245412742e-03
38.73384  7.1226673927000661e-03
39.809779999999996  6.2548474663408626e-03
40.88572  5.4781749078713915e-03
41.96166  4.7849558466062092e-03
43.0376  4.1679603409434662e-03
44.11353999999999  3.6203973612671803e-03
45.189479999999996  3.1358965105106051e-03
46.26542  2.7084943202773104e-03
47.341359999999995  2.3326232859695040e-03
48.4173  2.0031021717130670e-03
49.49323999999999  1.7151264806649635e-03
50.569179999999996  1.4642583209329985e-03
51.64512  1.2464151863014195e-03
52.72106  1.0578574072788172e-03
53.797  8.9517421281470888e-04
