# n_sample= 1800, n_shot= 2048, n_iter= 30, n_sample= 1800
0.7505563380561466  1.8618347014725778e+00
1.4653718981096195  9.1648594145242690e-01
2.8950030182165656  4.1362422969860241e-01
6.897970154516014  1.5686984536289306e-01
13.33131019499727  8.4363269961312312e-02
25.983545607943743  4.0749316194538449e-02
50.716163985793905  1.9911644433668250e-02
123.19846177521606  7.6491186071545297e-03
182.59963481565967  5.6251304020983406e-03
358.0153732527819  2.7138341342480979e-03
702.4849916425505  1.3955641814275073e-03
1379.5582901252  6.7360636103911038e-04
