# n_sample= 1800, n_shot= 2048, n_iter= 30, n_sample= 1800
0.7505563380561466  1.8494907680195176e+00
1.4653718981096195  9.0610754846402486e-01
2.8950030182165656  4.1544282218454498e-01
6.897970154516014  1.6070204460404369e-01
13.33131019499727  8.2373183895317226e-02
25.983545607943743  4.1140479980640521e-02
50.716163985793905  2.0227806971028883e-02
123.19846177521606  7.8863477878492461e-03
182.59963481565967  5.5232389348134348e-03
358.0153732527819  2.6473982263262030e-03
702.4849916425505  1.3631306576087354e-03
1379.5582901252  6.7741246840569147e-04
