# time_max= 200, n_shot= 2048, n_iter=30, n_sample=61440
#12.0  6.0110562242790766e-01
30.0  3.3973488210647690e-01
#48.0  2.0146425934037507e-01
64.0  1.4327847533675597e-01
#80.0  1.4231342090997290e-01
100.0  8.9217347462069413e-02
130.0  5.0613793720792347e-02
164.0  3.0703216601188289e-02
248.0  1.2462072367353364e-02
330.0  5.4833930261197327e-03
412.0  2.8880865629349068e-03
500.0  2.7275079241456295e-03
580.0  1.9251902847860277e-03
664.0  3.1135584942679931e-03
748.0  2.6565660802706239e-03
830.0  1.8052329331177698e-03
2000.0  2.7965895464277290e-03
3000.0  3.1525572212366092e-03
4000.0  3.0549422661420760e-03
5000.0  2.3584802870503969e-03
