1.0000000000000000e+00    3.5991062636040040e-05
2.0000000000000000e+00    3.9770194489707048e-05
3.0000000000000000e+00    4.2583016854082436e-05
5.0000000000000000e+00    4.9383316366464179e-05
8.0000000000000000e+00    6.8897862928170625e-05
1.4000000000000000e+01    1.2704378374822972e-04
2.3000000000000000e+01    3.0563772920013277e-04
4.0000000000000000e+01    7.9541868389085963e-04
6.7000000000000000e+01    1.4111884730192434e-03
1.1400000000000000e+02    1.2223649474188305e-03
1.9200000000000000e+02    1.1679677715957409e-03
3.2500000000000000e+02    1.4161197897763511e-03
5.5100000000000000e+02    5.1069177957785861e-03
9.3200000000000000e+02    1.5683642643989346e-02
1.5760000000000000e+03    4.4034576636386866e-02
2.6670000000000000e+03    1.1652697386377471e-01
4.5130000000000000e+03    2.9239172131331831e-01
7.6360000000000000e+03    6.3562731952165274e-01
1.2920000000000000e+04    9.6371740842909315e-01
2.1861000000000000e+04    9.8087830151318600e-01
3.6989000000000000e+04    9.8197882746653620e-01
6.2587000000000000e+04    9.9610370155898609e-01
1.0589800000000000e+05    9.9516898756468475e-01
1.7918000000000000e+05    9.9414879752218799e-01
3.0317500000000000e+05    9.9465091234545033e-01
5.1297700000000000e+05    9.9651754219737709e-01
8.6796400000000000e+05    9.9632731547160225e-01
1.4686070000000000e+06    9.9554665675824161e-01
2.4849030000000000e+06    9.9563514837922562e-01
4.2044900000000000e+06    9.9604909617245407e-01
7.1140550000000000e+06    9.9438471925068961e-01
1.2037079000000000e+07    9.9656758768597598e-01
