# beta= 2.6, n_shot= 2048, n_iter= 30, nmc= 16384
12.0  2.6555360284316429e+00
30.0  8.8992366226378099e+00
48.0  1.1922745234288501e+00
64.0  1.0159803554041098e+00
80.0  1.0434078894163832e+00
100.0  6.5800658109355192e-01
130.0  3.3755288889875956e-01
164.0  3.9258018857161639e-02
248.0  6.4896258147416697e-03
330.0  4.4575288849191116e-03
412.0  4.5694699685807196e-03
500.0  4.5226006204099889e-03
580.0  3.3551969427075908e-03
664.0  3.8075732638845968e-03
748.0  3.7546028643268650e-03
830.0  3.4737753334929638e-03
