# from exact gaussian
1.2829328000000002  7.5957387945521759e-02
2.5658656000000004  4.7238756765281664e-02
3.8487984000000006  4.2564233662412576e-02
5.131731200000001  4.0890904496189151e-02
6.414664  3.9200552496346575e-02
7.6975967999999995  3.7248322979650084e-02
8.9805296  3.5066366573207830e-02
10.263462400000002  3.2709409065224904e-02
11.546395200000001  3.0235344575549661e-02
12.829328  2.7702016821400832e-02
14.112260800000001  2.5164534650130577e-02
15.395193600000002  2.2672841468530436e-02
16.678126400000004  2.0269781249538710e-02
17.9610592  1.7989836655569746e-02
19.243992000000002  1.5858606470615655e-02
20.526924800000003  1.3892978349270280e-02
21.809857600000004  1.2101865746197760e-02
23.092790400000005  1.0487329974075976e-02
24.375723200000003  9.0459009021124359e-03
25.658656  7.7699335463954355e-03
26.9415888  6.6488788391438902e-03
28.224521600000003  5.6703921301455296e-03
29.507454400000004  4.8212432870986532e-03
30.790387200000005  4.0880229964912473e-03
32.07332000000001  3.4576600866973450e-03
33.3562528  2.9177757269298610e-03
34.639185600000005  2.4569044874063195e-03
35.9221184  2.0646118353528919e-03
37.20505120000001  1.7315346555353273e-03
38.487984000000004  1.4493672492683629e-03
39.7709168  1.2108109022097580e-03
41.05384960000001  1.0095010405635207e-03
42.336782400000004  8.3992246355535372e-04
43.61971520000001  6.9732022112312109e-04
44.902648000000006  5.7761137771628057e-04
46.185580800000004  4.7730109910659735e-04
47.4685136  3.9340513649577247e-04
48.751446400000006  3.2337978009167045e-04
50.034379200000004  2.6505963958278755e-04
51.317312  2.1660311928783926e-04
52.6002448  1.7644513966175168e-04
53.8831776  1.4325647167900968e-04
55.1661104  1.1590896221669311e-04
56.44904319999999  9.3445908884604023e-05
57.731976  7.5056869821565897e-05
59.01490879999999  6.0056250241302678e-05
60.297841600000005  4.7865079654485498e-05
61.580774399999996  3.7995471711127493e-05
62.86370720000001  3.0037335806198939e-05
64.14664  2.3646980988445421e-05
