5.0000000000000000e-01    6.4890195423983249e-02
1.0000000000000000e+00    6.4979269769721446e-02
1.5000000000000000e+00    6.5065125327941939e-02
2.0000000000000000e+00    6.5159121553010124e-02
3.0000000000000000e+00    6.5371587566956033e-02
5.0000000000000000e+00    6.5872461436266197e-02
8.0000000000000000e+00    6.6641928002477799e-02
1.2500000000000000e+01    6.7625763560221916e-02
2.0000000000000000e+01    6.9201497310505761e-02
3.2000000000000000e+01    7.0593084138552406e-02
5.1000000000000000e+01    7.2703791890846983e-02
8.1000000000000000e+01    7.5778787771862144e-02
1.2800000000000000e+02    7.8857625660382208e-02
2.0350000000000000e+02    8.3359389114540577e-02
3.2300000000000000e+02    8.9089507142425375e-02
5.1300000000000000e+02    9.6984178599097026e-02
8.1450000000000000e+02    1.0761112344111978e-01
1.2935000000000000e+03    1.2012412418069048e-01
2.0535000000000000e+03    1.3820213148735230e-01
3.2605000000000000e+03    1.6240945818252653e-01
5.1760000000000000e+03    1.9302074604177977e-01
8.2180000000000000e+03    2.1716010111582060e-01
1.3047000000000000e+04    2.8352182025389350e-01
2.0714000000000000e+04    3.4108712456689139e-01
3.2886000000000000e+04    4.0252956894015085e-01
5.2211000000000000e+04    4.7895757890662166e-01
8.2892500000000000e+04    5.5937166467067301e-01
1.3160300000000000e+05    6.7925986735020727e-01
2.0893850000000000e+05    7.9369666347793333e-01
3.3171850000000000e+05    8.7178158479570922e-01
5.2664950000000000e+05    9.8397674515691602e-01
8.3612900000000000e+05    9.9616640182097116e-01
