# eps= 0.11114360055445777, n_shot= 2048, n_iter=30, n_sample=2000
2.0  8.9156435763481945e-01
4.0  3.7957776029284968e-01
6.0  2.8336248083594673e-01
8.0  2.6168911318083793e-01
10.0  2.0262123379762312e-01
20.0  1.3997809933702535e-01
30.0  1.0258571424719740e-01
40.0  8.5228224570081793e-02
50.0  7.2825210136909443e-02
60.0  5.7772819824924680e-02
70.0  5.5533372807743460e-02
80.0  5.0761973939050735e-02
90.0  4.0944695080249775e-02
100.0  4.3659233404819392e-02
200.0  2.3945530822741232e-02
300.0  1.4811424989541421e-02
400.0  9.3384183569249039e-03
500.0  5.4396881259791028e-03
600.0  3.5686530591209002e-03
700.0  3.8270441475808307e-03
800.0  3.5824435311711867e-03
900.0  4.4044990367051303e-03
1000.0  4.4081335437043730e-03
2000.0  5.4555414589998463e-03
3000.0  4.1070288164082314e-03
4000.0  4.0387504228070505e-03
5000.0  2.6369881128958401e-03
10000.0  4.4822698622722845e-03
