5.0000000000000000e-01    6.6951336466475234e-02
1.0000000000000000e+00    6.6503242244521352e-02
1.5000000000000000e+00    6.5301647708479085e-02
2.5000000000000000e+00    6.4920697577714487e-02
3.5000000000000000e+00    6.4743669092328662e-02
5.0000000000000000e+00    6.4795252307480705e-02
7.5000000000000000e+00    6.5008652610336129e-02
1.1000000000000000e+01    6.5258125293301231e-02
1.6000000000000000e+01    6.5657703127061581e-02
2.3000000000000000e+01    6.6423726014577841e-02
3.4000000000000000e+01    6.8095571093009941e-02
5.0000000000000000e+01    7.1545435043513503e-02
7.3500000000000000e+01    7.8615315956879719e-02
1.0800000000000000e+02    9.2347302356188987e-02
1.5850000000000000e+02    1.1571602187372487e-01
2.3250000000000000e+02    1.4623008559590026e-01
3.4150000000000000e+02    1.7585797240805401e-01
5.0150000000000000e+02    2.2149900072709869e-01
7.3600000000000000e+02    2.9231255761267161e-01
1.0805000000000000e+03    3.9217934097332413e-01
1.5865000000000000e+03    4.9689080632846100e-01
2.3290000000000000e+03    5.9051165011360496e-01
3.4190000000000000e+03    6.9479409547462656e-01
5.0190000000000000e+03    8.1472236822858546e-01
7.3680000000000000e+03    9.2807259431578204e-01
1.0816500000000000e+04    9.8971046944501706e-01
1.5879000000000000e+04    9.9897186662275006e-01
2.3311000000000000e+04    9.9942754426249114e-01
3.4221000000000000e+04    9.9948022965719685e-01
5.0237500000000000e+04    9.9974453131449381e-01
7.3750000000000000e+04    9.9997874987860402e-01
