# from exact gaussian
0.86154461  2.3299889971036070e-01
1.5335494057999999  1.9301632114280487e-01
2.2055542016  1.6096982069837562e-01
2.8775589973999995  1.2575668874441082e-01
3.5495637932000004  9.9242221588509594e-02
4.221568588999999  8.0752699243237025e-02
4.8935733848  6.6982288034424187e-02
5.5655781806  5.5865782614144877e-02
6.2375829764  4.6420742859033304e-02
6.909587772199999  3.8230038271624522e-02
7.581592568  3.1118583960854096e-02
8.253597363799999  2.5000369387713661e-02
8.9256021596  1.9812701791942722e-02
9.5976069554  1.5488811051239892e-02
10.269611751200001  1.1948994278214720e-02
10.941616547  9.1017790726120040e-03
11.6136213428  6.8497161757177238e-03
12.285626138600001  5.0960446696626249e-03
12.9576309344  3.7501365863352731e-03
13.6296357302  2.7309996321971397e-03
14.301640526000002  1.9689345913489475e-03
14.9736453218  1.4057817283594787e-03
15.6456501176  9.9424160837102704e-04
16.317654913400002  6.9668024107905069e-04
16.989659709199998  4.8371884983566815e-04
17.661664504999997  3.3280663867696347e-04
18.3336693008  2.2689447500479076e-04
19.0056740966  1.5326956672012670e-04
19.677678892400003  1.0257251583478677e-04
20.3496836882  6.7994094001377903e-05
21.021688484  4.4635601240905487e-05
21.6936932798  2.9010398160167483e-05
22.3656980756  1.8662586932727265e-05
23.0377028714  1.1879977618534099e-05
23.7097076672  7.4810882706444204e-06
24.381712463  4.6591042544008587e-06
25.0537172588  2.8689153195315953e-06
25.725722054600002  1.7462557089231723e-06
26.3977268504  1.0504591543281094e-06
27.069731646199997  6.2437863768138868e-07
27.741736442  3.6664078884030005e-07
28.4137412378  2.1266376482032001e-07
29.0857460336  1.2182922937142848e-07
29.7577508294  6.8923691642908125e-08
30.4297556252  3.8504007981998711e-08
31.101760420999998  2.1238887981667176e-08
31.7737652168  1.1566977597965433e-08
32.4457700126  6.2194098759960070e-09
33.1177748084  3.3014329048342006e-09
33.7897796042  1.7300818555554542e-09
34.4617844  8.9501561717497680e-10
