# beta= 2.0, n_shot= 2048, n_iter= 30, nmc= 16384
8.0  1.5140888507815731e+00
18.0  4.5664191884597094e-01
26.0  6.2206015673922747e-02
36.0  3.0782541907919559e-02
44.0  1.9939593557215484e-02
54.0  1.0440778835058643e-02
72.0  4.4225693858217950e-03
90.0  3.9677687763961817e-03
134.0  3.3410996307417546e-03
180.0  2.9796245617465782e-03
224.0  2.7783893280148258e-03
270.0  2.8699723149051338e-03
314.0  2.8103580242844059e-03
360.0  2.4517298980967143e-03
404.0  2.8317619691610989e-03
450.0  2.6054291235877436e-03
