5.0000000000000000e-01    6.4849615705750207e-05
1.0000000000000000e+00    7.6201292400505133e-05
1.5000000000000000e+00    9.5033877077364996e-05
2.5000000000000000e+00    1.5438853466938560e-04
4.0000000000000000e+00    2.8085481270385553e-04
6.0000000000000000e+00    5.3259312222397285e-04
9.0000000000000000e+00    1.1118802417227768e-03
1.3500000000000000e+01    2.4056818191617872e-03
2.0000000000000000e+01    5.1760870933640441e-03
3.0000000000000000e+01    1.1454687350391204e-02
4.5500000000000000e+01    2.5748014287322252e-02
6.8000000000000000e+01    5.5285972465574137e-02
1.0300000000000000e+02    1.1830238820416834e-01
1.5500000000000000e+02    2.4238437071715560e-01
2.3300000000000000e+02    4.6795390537598058e-01
3.5150000000000000e+02    7.8502650902961502e-01
5.2900000000000000e+02    9.9429237202591947e-01
7.9700000000000000e+02    9.2299576100450309e-01
1.2005000000000000e+03    9.9547670524598963e-01
1.8085000000000000e+03    9.9834998016461018e-01
2.7240000000000000e+03    9.7954572294009501e-01
4.1035000000000000e+03    9.9504393530158275e-01
6.1815000000000000e+03    9.9951113616026455e-01
9.3110000000000000e+03    9.9643332676384022e-01
1.4025500000000000e+04    9.9769566586943448e-01
2.1126500000000000e+04    9.9990011827240410e-01
3.1823500000000000e+04    9.9991314519459717e-01
4.7936500000000000e+04    9.9997470678635003e-01
7.2208000000000000e+04    9.9999582476430737e-01
1.0876850000000000e+05    9.9999939617039157e-01
1.6384000000000000e+05    9.9999996619009701e-01
