# beta= 3.6, n_shot= 2048, n_iter= 30, nmc= 16384
8.0  3.6165945497602006e+00
18.0  3.1219896730373473e+00
26.0  3.2384058264142248e+00
36.0  4.3561818230623864e+01
44.0  1.7465667219959593e+00
54.0  1.5079629016987215e+00
72.0  9.0291839371431759e-01
90.0  1.4434501718176751e-01
134.0  3.1176008448570752e-02
180.0  1.1512223080317519e-02
224.0  7.5446035577815115e-03
270.0  5.8987008215609649e-03
314.0  5.6882975956861872e-03
360.0  5.2878666978823340e-03
404.0  4.2187885892995903e-03
450.0  4.4012738116467297e-03
