# from exact gaussian
0.86154461  7.7474398911892450e-02
1.5335494057999999  5.3393270397386061e-02
2.2055542016  4.5124343965053271e-02
2.8775589973999995  4.3137086850659756e-02
3.5495637932000004  4.2098373896411800e-02
4.221568588999999  4.1058566725304502e-02
4.8935733848  3.9888585536198562e-02
5.5655781806  3.8586452557604289e-02
6.2375829764  3.7165923801035561e-02
6.909587772199999  3.5642953358861362e-02
7.581592568  3.4034395210980506e-02
8.253597363799999  3.2357652032533935e-02
8.9256021596  3.0630355879134541e-02
9.5976069554  2.8870044867819189e-02
10.269611751200001  2.7093844907431830e-02
10.941616547  2.5318167278630455e-02
11.6136213428  2.3558432570489174e-02
12.285626138600001  2.1828830406734667e-02
12.9576309344  2.0142122643376226e-02
13.6296357302  1.8509495446881630e-02
14.301640526000002  1.6940463076524637e-02
14.9736453218  1.5442823529884464e-02
15.6456501176  1.4022663693372905e-02
16.317654913400002  1.2684409464421620e-02
16.989659709199998  1.1430914619465327e-02
17.661664504999997  1.0263581070537597e-02
18.3336693008  9.1825025977794184e-03
19.0056740966  8.1866241260790673e-03
19.677678892400003  7.2739090496813930e-03
20.3496836882  6.4415078925410540e-03
21.021688484  5.6859226086256598e-03
21.6936932798  5.0031619633852387e-03
22.3656980756  4.3888845974553448e-03
23.0377028714  3.8385274784307200e-03
23.7097076672  3.3474184403861074e-03
24.381712463  2.9108723594912789e-03
25.0537172588  2.5242712020201452e-03
25.725722054600002  2.1831287075997352e-03
26.3977268504  1.8831408468429345e-03
27.069731646199997  1.6202234346973654e-03
27.741736442  1.3905384115080466e-03
28.4137412378  1.1905103439211473e-03
29.0857460336  1.0168346689365393e-03
29.7577508294  8.6647912598181165e-04
30.4297556252  7.3667970988289255e-04
31.101760420999998  6.2493234572968959e-04
31.7737652168  5.2898134535439567e-04
32.4457700126  4.4680556263720916e-04
33.1177748084  3.7660302645825539e-04
33.7897796042  3.1677470052571266e-04
34.4617844  2.6590789990521557e-04
