# beta = 3.6, n_shot= 2048, n_iter=30
81920  1.0924613384443547e+00
163840  7.7214194903588595e-01
327680  8.1112802149189733e-01
491520  4.7814707881137144e+00
655360  2.8513976639769806e-01
1310720  8.0829022154233418e-02
2621440  5.1810479701146585e-02
5242880  3.6530529570917028e-02
10485760  2.5247911723617615e-02
20971520  1.8086832858664557e-02
41943040  1.1503526821940351e-02
83886080  9.1662866143309429e-03
167772160  5.2524168367588334e-03
335544320  4.9969311925615635e-03
671088640  3.7288528299744901e-03
1342177280  2.6287694163107983e-03
