# from exact gaussian
0.6395983900000001  2.2737277373044318e-01
1.1384851342  1.8035819355027360e-01
1.6373718784  1.6006291294363972e-01
2.1362586225999998  1.3267017665156988e-01
2.6351453668  1.0940056747752358e-01
3.134032111  9.4361365636378203e-02
3.6329188552  8.3956136993301733e-02
4.1318055994  7.5435113379985097e-02
4.6306923436  6.7571405137513807e-02
5.1295790878  5.9971977144702038e-02
5.628465832  5.2607081842332093e-02
6.1273525762  4.5568008624599976e-02
6.6262393204  3.8963732725346034e-02
7.125126064600001  3.2884715905490580e-02
7.624012808800001  2.7392895106944870e-02
8.122899553  2.2520761763204611e-02
8.6217862972  1.8273841481632580e-02
9.120673041400002  1.4634767468659327e-02
9.6195597856  1.1568153164544626e-02
10.1184465298  9.0257082361402396e-03
10.617333274000002  6.9511500880681254e-03
11.1162200182  5.2845752956081071e-03
11.6151067624  3.9660781600341366e-03
12.113993506600002  2.9385213135046939e-03
12.6128802508  2.1494623070026364e-03
13.111766994999998  1.5523129754360099e-03
13.6106537392  1.1068535539173752e-03
14.1095404834  7.7924377370486297e-04
14.608427227600002  5.4167369438751223e-04
15.1073139718  3.7178387192682294e-04
15.606200716  2.5196335687560634e-04
16.1050874602  1.6860972503174310e-04
16.6039742044  1.1141137904946419e-04
17.1028609486  7.2690998109692373e-05
17.6017476928  4.6831456397278259e-05
18.100634437  2.9792156333030562e-05
18.5995211812  1.8714333715585951e-05
19.0984079254  1.1607951760694846e-05
19.5972946696  7.1096144482751811e-06
20.0961814138  4.2997779612363729e-06
20.595068158  2.5677676847024600e-06
21.0939549022  1.5141722329303775e-06
21.5928416464  8.8166735245920336e-07
22.0917283906  5.0692560549236987e-07
22.5906151348  2.8780194583077900e-07
23.089501879  1.6134416824797881e-07
23.5883886232  8.9314692530706452e-08
24.0872753674  4.8820552045469867e-08
24.5861621116  2.6350729598334510e-08
25.0850488558  1.4044070795193875e-08
25.5839356  7.3910113584929604e-09
