# beta= 1.8, n_shot= 2048, n_iter= 30, nmc= 16384
6.0  4.2833098079459671e+00
12.0  5.7263386459696232e-02
18.0  2.0530724662801141e-02
24.0  1.5063383198684418e-02
30.0  1.7537199705634519e-02
36.0  2.2124612090710045e-02
48.0  2.1888383883281383e-02
60.0  2.1967042409394229e-02
90.0  1.7717314267015668e-02
120.0  1.2005983474810241e-02
150.0  1.2783853393765702e-02
180.0  1.0980549140985356e-02
210.0  1.1169001787005240e-02
240.0  9.2805837024205456e-03
270.0  9.6717322883679447e-03
300.0  8.8143203456482414e-03
