# eps= 0.00926042330898665, n_shot= 2048, n_iter=30, n_sample=1800
12.0  1.5761176202425703e-01
30.0  7.3648461778030541e-02
48.0  5.4174999565479533e-02
64.0  4.4653712934441182e-02
80.0  5.1007308938279948e-02
100.0  3.2473971358400890e-02
130.0  3.6980510377635056e-02
164.0  2.5090251891312518e-02
248.0  1.9108323976189705e-02
330.0  1.8371627675780110e-02
412.0  1.5559197099435214e-02
500.0  1.3805035414187473e-02
580.0  9.3794583789175989e-02
664.0  9.3202746978685511e-03
748.0  9.2279130913627341e-03
830.0  1.2389535463862462e-02
2000.0  4.0903634133499034e-03
3000.0  4.1595108704199175e-03
4000.0  3.3760167530449674e-03
5000.0  3.4903687714261740e-03
