5.0000000000000000e-01    6.6717489909706343e-02
1.0000000000000000e+00    6.7570321153657451e-02
1.5000000000000000e+00    6.7209372884792257e-02
2.5000000000000000e+00    6.6241508861866888e-02
3.5000000000000000e+00    6.4968704075925338e-02
5.0000000000000000e+00    6.4962801856239691e-02
7.5000000000000000e+00    6.4912556721283765e-02
1.1000000000000000e+01    6.5102774122282062e-02
1.6000000000000000e+01    6.5367506953518617e-02
2.3000000000000000e+01    6.5865765866960926e-02
3.4000000000000000e+01    6.6939915772388114e-02
5.0000000000000000e+01    6.9144805491001896e-02
7.3500000000000000e+01    7.3694291280329324e-02
1.0800000000000000e+02    8.2754538154992036e-02
1.5850000000000000e+02    9.9355388047635496e-02
2.3250000000000000e+02    1.2412989926074006e-01
3.4150000000000000e+02    1.5036844847040789e-01
5.0150000000000000e+02    1.9379470472042795e-01
7.3600000000000000e+02    2.8734023823113092e-01
1.0805000000000000e+03    4.0697454423789592e-01
1.5865000000000000e+03    5.3122501741563344e-01
2.3290000000000000e+03    6.3747918429841854e-01
3.4190000000000000e+03    8.1415094127020504e-01
5.0190000000000000e+03    9.3119299387639010e-01
7.3680000000000000e+03    9.7484097274331705e-01
1.0816500000000000e+04    9.9414854850471424e-01
1.5879000000000000e+04    9.9644178875420830e-01
2.3311000000000000e+04    9.9807083616845993e-01
3.4221000000000000e+04    9.9854035979278821e-01
5.0237500000000000e+04    9.9943767362358316e-01
7.3750000000000000e+04    9.9943819782510901e-01
