0.0000000000000000e+00    0.0000000000000000e+00
5.0000000000000003e-02    4.4659540957229816e-04
1.0000000000000001e-01    8.4500940585116981e-04
1.5000000000000002e-01    1.2242998699305886e-03
2.0000000000000001e-01    1.5972538616111772e-03
2.5000000000000000e-01    1.9722403924374659e-03
3.0000000000000004e-01    2.3563905703741007e-03
3.5000000000000003e-01    2.7569454109347574e-03
4.0000000000000002e-01    3.1821569111471788e-03
4.5000000000000001e-01    3.6421984674984303e-03
5.0000000000000000e-01    4.1503676250984759e-03
5.5000000000000004e-01    4.7249177374910451e-03
6.0000000000000009e-01    5.3921059959602035e-03
6.5000000000000002e-01    6.1916497986168832e-03
7.0000000000000007e-01    7.1873208091957352e-03
7.5000000000000000e-01    8.4896901523698332e-03
8.0000000000000004e-01    1.0311920973297228e-02
8.5000000000000009e-01    1.3136020286299510e-02
9.0000000000000002e-01    1.8391787587698247e-02
9.5000000000000007e-01    3.3522701175190572e-02
1.0000000000000000e+00    1.0000000000000002e+00
