0.0000000000000000e+00    2.9331494740748898e-01    5.0258550493254006e-01
1.0000000000000000e-03    2.9236111926996872e-01    5.0207782768802645e-01
2.0000000000000000e-03    2.9140384331327379e-01    5.0156966281679161e-01
3.0000000000000001e-03    2.9045062057221521e-01    5.0106101611800113e-01
4.0000000000000001e-03    2.8949207358004558e-01    5.0055189320437421e-01
5.0000000000000001e-03    2.8852623100242980e-01    5.0004229951537127e-01
6.0000000000000001e-03    2.8755524919764625e-01    4.9953224033379229e-01
7.0000000000000001e-03    2.8658157654978955e-01    4.9902172079055163e-01
8.0000000000000002e-03    2.8560476981383193e-01    4.9851074589173550e-01
8.9999999999999993e-03    2.8461808317295373e-01    4.9799932055520912e-01
1.0000000000000000e-02    2.8362756451414323e-01    4.9748744954945323e-01
1.0999999999999999e-02    2.8263288770547096e-01    4.9697513755791078e-01
1.2000000000000000e-02    2.8163394430233024e-01    4.9646238916420771e-01
1.2999999999999999e-02    2.8062967962497648e-01    4.9594920886761429e-01
1.4000000000000000e-02    2.7961826575431387e-01    4.9543560108077145e-01
1.4999999999999999e-02    2.7860283845339545e-01    4.9492157014924487e-01
1.6000000000000000e-02    2.7758148262592824e-01    4.9440712031037037e-01
1.7000000000000001e-02    2.7655379720563117e-01    4.9389225579921003e-01
1.7999999999999999e-02    2.7552061545144685e-01    4.9337698073009051e-01
1.9000000000000000e-02    2.7448546383819233e-01    4.9286129916936261e-01
2.0000000000000000e-02    2.7344076331200468e-01    4.9234521513130858e-01
2.1000000000000001e-02    2.7239022018443526e-01    4.9182873256768289e-01
2.1999999999999999e-02    2.7133309677414241e-01    4.9131185537748934e-01
2.3000000000000000e-02    2.7027022018862223e-01    4.9079458740902737e-01
2.4000000000000000e-02    2.6920091530332046e-01    4.9027693245989212e-01
2.5000000000000001e-02    2.6812601746865800e-01    4.8975889428015762e-01
2.5999999999999999e-02    2.6704561930731235e-01    4.8924047657442316e-01
2.7000000000000000e-02    2.6595753200715633e-01    4.8872168300385965e-01
2.8000000000000001e-02    2.6486308105004902e-01    4.8820251718439067e-01
2.9000000000000001e-02    2.6376282926304867e-01    4.8768298269123989e-01
2.9999999999999999e-02    2.6265512776030392e-01    4.8716308305915845e-01
3.1000000000000000e-02    2.6154146094982528e-01    4.8664282178378926e-01
3.2000000000000001e-02    2.6042068048167266e-01    4.8612220232257641e-01
3.3000000000000002e-02    2.5929310092736407e-01    4.8560122809635686e-01
3.4000000000000002e-02    2.5815945837762211e-01    4.8507990248981514e-01
3.5000000000000003e-02    2.5702107546587560e-01    4.8455822885102862e-01
3.5999999999999997e-02    2.5587412367495682e-01    4.8403621049692447e-01
3.6999999999999998e-02    2.5471982290312156e-01    4.8351385070827746e-01
3.7999999999999999e-02    2.5355854791577115e-01    4.8299115273425741e-01
3.9000000000000000e-02    2.5239050971846727e-01    4.8246811979106496e-01
4.0000000000000001e-02    2.5121548085254131e-01    4.8194475506466006e-01
4.1000000000000002e-02    2.5003329206214558e-01    4.8142106170962506e-01
4.2000000000000003e-02    2.4884421880651175e-01    4.8089704285075641e-01
4.2999999999999997e-02    2.4764763368897619e-01    4.8037270158397405e-01
4.3999999999999997e-02    2.4644381488106470e-01    4.7984804097586675e-01
4.4999999999999998e-02    2.4523273726743514e-01    4.7932306406460157e-01
4.5999999999999999e-02    2.4401439738720515e-01    4.7879777386060596e-01
4.7000000000000000e-02    2.4278971044379713e-01    4.7827217334724992e-01
4.8000000000000001e-02    2.4155700540725508e-01    4.7774626548084598e-01
4.9000000000000002e-02    2.4031677537109697e-01    4.7722005319110394e-01
5.0000000000000003e-02    2.3907004046479380e-01    4.7669353938249515e-01
5.0999999999999997e-02    2.3781526114835422e-01    4.7616672693447981e-01
5.1999999999999998e-02    2.3655364376256294e-01    4.7563961869923332e-01
5.2999999999999999e-02    2.3528434513682728e-01    4.7511221750733057e-01
5.3999999999999999e-02    2.3400732910522004e-01    4.7458452616274371e-01
5.5000000000000000e-02    2.3272337189723472e-01    4.7405654744625281e-01
5.6000000000000001e-02    2.3143146720059279e-01    4.7352828411590053e-01
5.7000000000000002e-02    2.3012920925108507e-01    4.7299973890471847e-01
5.8000000000000003e-02    2.2882052043733822e-01    4.7247091452550194e-01
5.8999999999999997e-02    2.2750426132342594e-01    4.7194181366626253e-01
5.9999999999999998e-02    2.2617981217908853e-01    4.7141243899432084e-01
6.0999999999999999e-02    2.2484742569585364e-01    4.7088279315448744e-01
6.2000000000000000e-02    2.2350717990340604e-01    4.7035287876997245e-01
6.3000000000000000e-02    2.2215868654363238e-01    4.6982269844124858e-01
6.4000000000000001e-02    2.2080246022139835e-01    4.6929225475196290e-01
6.5000000000000002e-02    2.1944039165282156e-01    4.6876155026347988e-01
6.6000000000000003e-02    2.1806746723850182e-01    4.6823058751465396e-01
6.7000000000000004e-02    2.1668870317503006e-01    4.6769936902182963e-01
6.8000000000000005e-02    2.1530040730187983e-01    4.6716789728907315e-01
6.9000000000000006e-02    2.1390404030798735e-01    4.6663617479634922e-01
7.0000000000000007e-02    2.1249946870157455e-01    4.6610420400475050e-01
7.0999999999999994e-02    2.1108617132810900e-01    4.6557198735604288e-01
7.1999999999999995e-02    2.0966582832231495e-01    4.6503952727380238e-01
7.2999999999999995e-02    2.0823897231409078e-01    4.6450682616227823e-01
7.3999999999999996e-02    2.0680085072300830e-01    4.6397388640684767e-01
7.4999999999999997e-02    2.0535439075225348e-01    4.6344071037674439e-01
7.5999999999999998e-02    2.0389952165896177e-01    4.6290730042073847e-01
7.6999999999999999e-02    2.0243726508452817e-01    4.6237365887168380e-01
7.8000000000000000e-02    2.0096504219776701e-01    4.6183978804424441e-01
7.9000000000000001e-02    2.0167484968713492e-01    4.6130569023534918e-01
8.0000000000000002e-02    2.0395450320825970e-01    4.6077136772487393e-01
8.1000000000000003e-02    2.0623181761309883e-01    4.6023682277655098e-01
8.2000000000000003e-02    2.0850803216215821e-01    4.5970205763660488e-01
8.3000000000000004e-02    2.1078324831387041e-01    4.5916707453534400e-01
8.4000000000000005e-02    2.1305755423486472e-01    4.5863187568556896e-01
8.5000000000000006e-02    2.1533103667573178e-01    4.5809646328507370e-01
8.5999999999999993e-02    2.1760528434511478e-01    4.5756083951482651e-01
8.6999999999999994e-02    2.1987745780825257e-01    4.5702500654078904e-01
8.7999999999999995e-02    2.2214890159107978e-01    4.5648896651209725e-01
8.8999999999999996e-02    2.2442030316782174e-01    4.5595272156356259e-01
8.9999999999999997e-02    2.2669139503381630e-01    4.5541627381385297e-01
9.0999999999999998e-02    2.2896244120854506e-01    4.5487962536662963e-01
9.1999999999999998e-02    2.3123466472048426e-01    4.5434277831100189e-01
9.2999999999999999e-02    2.3350576706922035e-01    4.5380573472061769e-01
9.4000000000000000e-02    2.3577688756150003e-01    4.5326849665480040e-01
9.5000000000000001e-02    2.3804813194929750e-01    4.5273106615809411e-01
9.6000000000000002e-02    2.4032011020396804e-01    4.5219344526071836e-01
9.7000000000000003e-02    2.4258880738135785e-01    4.5165563597834080e-01
9.8000000000000004e-02    2.4486118920732136e-01    4.5111764031321400e-01
9.9000000000000005e-02    2.4713607455792039e-01    4.5057946025281126e-01
1.0000000000000001e-01    2.4940957172835454e-01    4.5004109777141821e-01
1.0100000000000001e-01    2.5168324208194837e-01    4.4950255482922330e-01
1.0199999999999999e-01    2.5395814196517186e-01    4.4896383337254520e-01
1.0299999999999999e-01    2.5623394017191675e-01    4.4842493533496963e-01
1.0400000000000000e-01    2.5851082989329488e-01    4.4788586263666730e-01
1.0500000000000000e-01    2.6078780113999078e-01    4.4734661718371171e-01
1.0600000000000000e-01    2.6306714462529751e-01    4.4680720086967085e-01
1.0700000000000000e-01    2.6534760413386377e-01    4.4626761557606187e-01
1.0800000000000000e-01    2.6763386181538190e-01    4.4572786317053215e-01
1.0900000000000000e-01    2.6991686093192713e-01    4.4518794550754137e-01
1.1000000000000000e-01    2.7220077366398820e-01    4.4464786443018056e-01
1.1100000000000000e-01    2.7448767650195482e-01    4.4410762176812568e-01
1.1200000000000000e-01    2.7677637120724585e-01    4.4356721933945664e-01
1.1300000000000000e-01    2.7906694049002423e-01    4.4302665894906568e-01
1.1400000000000000e-01    2.8135684310817138e-01    4.4248594239070371e-01
1.1500000000000000e-01    2.8365184918306524e-01    4.4194507144470663e-01
1.1600000000000001e-01    2.8594749229647681e-01    4.4140404788140586e-01
1.1700000000000001e-01    2.8824599316781874e-01    4.4086287345726305e-01
1.1799999999999999e-01    2.9054658573756514e-01    4.4032154991850803e-01
1.1899999999999999e-01    2.9284950657207953e-01    4.3978007899863769e-01
1.2000000000000000e-01    2.9515488712673205e-01    4.3923846242046238e-01
1.2100000000000000e-01    2.9746371662176496e-01    4.3869670189428689e-01
1.2200000000000000e-01    2.9977387233157821e-01    4.3815479912063893e-01
1.2300000000000000e-01    3.0208673794733748e-01    4.3761275578663117e-01
1.2400000000000000e-01    3.0440131761596095e-01    4.3707057357050871e-01
1.2500000000000000e-01    3.0671945276374696e-01    4.3652825413801111e-01
1.2600000000000000e-01    3.0904037071505552e-01    4.3598579914419133e-01
1.2700000000000000e-01    3.1136481203508143e-01    4.3544321023318844e-01
1.2800000000000000e-01    3.1369332307483899e-01    4.3490048903845491e-01
1.2900000000000000e-01    3.1602299439896608e-01    4.3435763717843656e-01
1.3000000000000000e-01    3.1835562492296260e-01    4.3381465627066973e-01
1.3100000000000001e-01    3.2069344513297471e-01    4.3327154791654721e-01
1.3200000000000001e-01    3.2303475095528567e-01    4.3272831370518361e-01
1.3300000000000001e-01    3.2537953525237145e-01    4.3218495521682598e-01
1.3400000000000001e-01    3.2772769088730924e-01    4.3164147402194430e-01
1.3500000000000001e-01    3.3007951649236233e-01    4.3109787167941249e-01
1.3600000000000001e-01    3.3243354806463798e-01    4.3055414973810002e-01
1.3700000000000001e-01    3.3479300208450247e-01    4.3001030974073728e-01
1.3800000000000001e-01    3.3715644801106104e-01    4.2946635321482063e-01
1.3900000000000001e-01    3.3952382475057252e-01    4.2892228167988833e-01
1.4000000000000001e-01    3.4189513493580309e-01    4.2837809664615634e-01
1.4099999999999999e-01    3.4427047328203153e-01    4.2783379961269929e-01
1.4199999999999999e-01    3.4664997126759683e-01    4.2728939206995165e-01
1.4299999999999999e-01    3.4903377001949254e-01    4.2674487549834339e-01
1.4399999999999999e-01    3.5142456724609716e-01    4.2620025136807271e-01
1.4499999999999999e-01    3.5381730544649742e-01    4.2565552114092498e-01
1.4599999999999999e-01    3.5621454936842789e-01    4.2511068626845372e-01
1.4699999999999999e-01    3.5861642438578339e-01    4.2456574819289017e-01
1.4799999999999999e-01    3.6102280132709835e-01    4.2402070834737060e-01
1.4899999999999999e-01    3.6343404563487575e-01    4.2347556815548160e-01
1.4999999999999999e-01    3.6585063635537829e-01    4.2293032903148742e-01
1.5100000000000000e-01    3.6827131506045491e-01    4.2238499238101213e-01
1.5200000000000000e-01    3.7069711717430848e-01    4.2183955960013009e-01
1.5300000000000000e-01    3.7312795875107818e-01    4.2129403207559335e-01
1.5400000000000000e-01    3.7556398048182515e-01    4.2074841118642325e-01
1.5500000000000000e-01    3.7800502432536798e-01    4.2020269830163670e-01
1.5600000000000000e-01    3.8045153389151837e-01    4.1965689477888191e-01
1.5700000000000000e-01    3.8290396404701532e-01    4.1911100197421547e-01
1.5800000000000000e-01    3.8536600716463171e-01    4.1856502122800521e-01
1.5900000000000000e-01    3.8782929436165303e-01    4.1801895387516197e-01
1.6000000000000000e-01    3.9029664909934775e-01    4.1747280124081954e-01
1.6100000000000000e-01    3.9277022453113047e-01    4.1692656464147149e-01
1.6200000000000001e-01    3.9524895908377711e-01    4.1638024538610807e-01
1.6300000000000001e-01    3.9773331246999538e-01    4.1583384477439722e-01
1.6400000000000001e-01    4.0022384501139824e-01    4.1528736409827616e-01
1.6500000000000001e-01    4.0271990324828177e-01    4.1474080464013241e-01
1.6600000000000001e-01    4.0521674703342997e-01    4.1419416767530493e-01
1.6700000000000001e-01    4.0772547749026827e-01    4.1364745446981033e-01
1.6800000000000001e-01    4.1023812718254443e-01    4.1310066628238928e-01
1.6900000000000001e-01    4.1275760833992914e-01    4.1255380436405176e-01
1.7000000000000001e-01    4.1528296389740244e-01    4.1200686995534852e-01
1.7100000000000001e-01    4.1781449660377684e-01    4.1145986429091863e-01
1.7199999999999999e-01    4.2035290085272398e-01    4.1091278859721569e-01
1.7299999999999999e-01    4.2289750109157187e-01    4.1036564409159837e-01
1.7399999999999999e-01    4.2544839489679787e-01    4.0981843198369461e-01
1.7499999999999999e-01    4.2800748716484888e-01    4.0927115347767540e-01
1.7599999999999999e-01    4.3057204092559231e-01    4.0872380976679779e-01
1.7699999999999999e-01    4.3314332443508269e-01    4.0817640203749761e-01
1.7799999999999999e-01    4.3572174595065027e-01    4.0762893146893475e-01
1.7899999999999999e-01    4.3830623718071554e-01    4.0708139923299314e-01
1.7999999999999999e-01    4.4089773141281041e-01    4.0653380649200699e-01
1.8099999999999999e-01    4.4349585055460217e-01    4.0598615440330832e-01
1.8200000000000000e-01    4.4610060917341704e-01    4.0543844411467944e-01
1.8300000000000000e-01    4.4871013208645244e-01    4.0489067676799095e-01
1.8400000000000000e-01    4.5132845021722556e-01    4.0434285349556376e-01
1.8500000000000000e-01    4.5395313740818993e-01    4.0379497542426179e-01
1.8600000000000000e-01    4.5658623018555228e-01    4.0324704367276354e-01
1.8700000000000000e-01    4.5922653098635341e-01    4.0269905935292627e-01
1.8800000000000000e-01    4.6187331843660662e-01    4.0215102356842181e-01
1.8900000000000000e-01    4.6452692646680915e-01    4.0160293741655551e-01
1.9000000000000000e-01    4.6718528251321112e-01    4.0105480198735677e-01
1.9100000000000000e-01    4.6983860596852273e-01    4.0050661839313761e-01
1.9200000000000000e-01    4.7251265615246457e-01    3.9995838765071312e-01
1.9300000000000000e-01    4.7519950883602013e-01    3.9941011085693390e-01
1.9400000000000001e-01    4.7789005548585484e-01    3.9886178907363501e-01
1.9500000000000001e-01    4.8058826892030926e-01    3.9831342335537556e-01
1.9600000000000001e-01    4.8329534916137590e-01    3.9776501474943871e-01
1.9700000000000001e-01    4.8602132419097133e-01    3.9721656429674113e-01
1.9800000000000001e-01    4.8874028495301375e-01    3.9666807303046880e-01
1.9900000000000001e-01    4.9146570209674456e-01    3.9611954197789601e-01
2.0000000000000001e-01    4.9420904586362591e-01    3.9557097215902104e-01
2.0100000000000001e-01    4.9697928472347941e-01    3.9502236458429252e-01
2.0200000000000001e-01    4.9973083852076527e-01    3.9447372026688754e-01
2.0300000000000001e-01    5.0249016252179945e-01    3.9392504020361230e-01
2.0399999999999999e-01    5.0525806206961354e-01    3.9337632538763501e-01
2.0499999999999999e-01    5.0803327717056856e-01    3.9282757680621216e-01
2.0599999999999999e-01    5.1081630195804961e-01    3.9227879543932431e-01
2.0699999999999999e-01    5.1359739328172249e-01    3.9172998226649725e-01
2.0799999999999999e-01    5.1639962499806247e-01    3.9118113824451939e-01
2.0899999999999999e-01    5.1920687725160286e-01    3.9063226433927412e-01
2.0999999999999999e-01    5.2201486926940399e-01    3.9008336150573086e-01
2.1099999999999999e-01    5.2483715853441237e-01    3.8953443069112836e-01
2.1199999999999999e-01    5.2766883924321717e-01    3.8898547283861262e-01
2.1299999999999999e-01    5.3050907588725849e-01    3.8843648888268945e-01
2.1400000000000000e-01    5.3335589611996637e-01    3.8788747975331717e-01
2.1500000000000000e-01    5.3621367015712262e-01    3.8733844637363291e-01
2.1600000000000000e-01    5.3907536987970606e-01    3.8678938965995258e-01
2.1700000000000000e-01    5.4194544250329979e-01    3.8624031052449936e-01
2.1800000000000000e-01    5.4482360506530081e-01    3.8569120987040151e-01
2.1900000000000000e-01    5.4770822571940336e-01    3.8514208859805876e-01
2.2000000000000000e-01    5.5060102759584872e-01    3.8459294759877594e-01
2.2100000000000000e-01    5.5349947732067528e-01    3.8404378775976511e-01
2.2200000000000000e-01    5.5640755045586399e-01    3.8349460996232665e-01
2.2300000000000000e-01    5.5932344610615825e-01    3.8294541508048496e-01
2.2400000000000000e-01    5.6224867611166585e-01    3.8239620398417173e-01
2.2500000000000001e-01    5.6517935806901565e-01    3.8184697753604269e-01
2.2600000000000001e-01    5.6811685334438833e-01    3.8129773659329658e-01
2.2700000000000001e-01    5.7106112006365628e-01    3.8074848200812994e-01
2.2800000000000001e-01    5.7401167484703075e-01    3.8019921462591810e-01
2.2900000000000001e-01    5.7696124470419641e-01    3.7964993528657942e-01
2.3000000000000001e-01    5.7991809451502963e-01    3.7910064482548478e-01
2.3100000000000001e-01    5.8287771552271173e-01    3.7855134407163860e-01
2.3200000000000001e-01    5.8583553729115634e-01    3.7800203384767883e-01
2.3300000000000001e-01    5.8879042982077345e-01    3.7745271497078647e-01
2.3400000000000001e-01    5.9173487086998133e-01    3.7690338825450453e-01
2.3499999999999999e-01    5.9466248967518287e-01    3.7635405450555481e-01
2.3599999999999999e-01    5.9755212785600598e-01    3.7580471452429265e-01
2.3699999999999999e-01    6.0037185967402307e-01    3.7525536910743540e-01
2.3799999999999999e-01    6.0304794352200952e-01    3.7470601904533396e-01
2.3899999999999999e-01    6.0540271490797848e-01    3.7415666512242751e-01
2.3999999999999999e-01    6.0685455948319844e-01    3.7360730811997200e-01
2.4099999999999999e-01    6.0468053602106475e-01    3.7305794881103793e-01
2.4199999999999999e-01    5.6948811880509087e-01    3.7250858796642206e-01
2.4299999999999999e-01    5.7195646376878284e-01    3.7195922634919043e-01
2.4399999999999999e-01    6.1563751107566711e-01    3.7140986471877113e-01
2.4500000000000000e-01    6.2357062214761483e-01    3.7086050382868052e-01
2.4600000000000000e-01    6.2801299883601036e-01    3.7031114442834223e-01
2.4700000000000000e-01    6.3166492649313166e-01    3.6976178726081343e-01
2.4800000000000000e-01    6.3505716182942196e-01    3.6921243306460383e-01
2.4900000000000000e-01    6.3834050809664733e-01    3.6866308257367564e-01
2.5000000000000000e-01    6.4156467217648416e-01    3.6811373651653412e-01
2.5100000000000000e-01    6.4477978660077606e-01    3.6756439561895604e-01
2.5200000000000000e-01    6.4798719715179121e-01    3.6701506059534950e-01
2.5300000000000000e-01    6.5119267812065129e-01    3.6646573216194156e-01
2.5400000000000000e-01    6.5440010122585557e-01    3.6591641102722861e-01
2.5500000000000000e-01    6.5761462402701598e-01    3.6536709789606903e-01
2.5600000000000001e-01    6.6082882021425904e-01    3.6481779346695475e-01
2.5700000000000001e-01    6.6405222395026298e-01    3.6426849843564924e-01
2.5800000000000001e-01    6.6728057988768064e-01    3.6371921349245895e-01
2.5900000000000001e-01    6.7051882018089093e-01    3.6316993932086916e-01
2.6000000000000001e-01    6.7376522228872127e-01    3.6262067660345565e-01
2.6100000000000001e-01    6.7701923600192371e-01    3.6207142601460873e-01
2.6200000000000001e-01    6.8028391378253339e-01    3.6152218822780924e-01
2.6300000000000001e-01    6.8355456860859853e-01    3.6097296390744305e-01
2.6400000000000001e-01    6.8683313510597566e-01    3.6042375371744129e-01
2.6500000000000001e-01    6.9011957766435528e-01    3.5987455831582338e-01
2.6600000000000001e-01    6.9341476301025540e-01    3.5932537835515177e-01
2.6700000000000002e-01    6.9671825752775707e-01    3.5877621448480568e-01
2.6800000000000002e-01    7.0002851831986068e-01    3.5822706734961685e-01
2.6900000000000002e-01    7.0334737628098476e-01    3.5767793758986954e-01
2.7000000000000002e-01    7.0667610178094875e-01    3.5712882584084582e-01
2.7100000000000002e-01    7.1001367492204770e-01    3.5657973273464449e-01
2.7200000000000002e-01    7.1335984549046061e-01    3.5603065889836216e-01
2.7300000000000002e-01    7.1671464789291062e-01    3.5548160495500269e-01
2.7400000000000002e-01    7.2007018265441258e-01    3.5493257152347724e-01
2.7500000000000002e-01    7.2344158571911177e-01    3.5438355921905895e-01
2.7600000000000002e-01    7.2682170855028405e-01    3.5383456865065455e-01
2.7700000000000002e-01    7.3021016581660469e-01    3.5328560042671597e-01
2.7800000000000002e-01    7.3360730430600773e-01    3.5273665514841923e-01
2.7900000000000003e-01    7.3701442131479944e-01    3.5218773341421183e-01
2.8000000000000003e-01    7.4042794082617935e-01    3.5163883581844857e-01
2.8100000000000003e-01    7.4384936924556966e-01    3.5108996295093675e-01
2.8199999999999997e-01    7.4727846834017286e-01    3.5054111539920996e-01
2.8299999999999997e-01    7.5072394967497369e-01    3.4999229374443530e-01
2.8399999999999997e-01    7.5416898080899974e-01    3.4944349856459667e-01
2.8499999999999998e-01    7.5761998984199197e-01    3.4889473043540420e-01
2.8599999999999998e-01    7.6107222677250896e-01    3.4834598992711108e-01
2.8699999999999998e-01    7.6453905211693052e-01    3.4779727760678725e-01
2.8799999999999998e-01    7.6801384785469873e-01    3.4724859403695518e-01
2.8899999999999998e-01    7.7149673425110998e-01    3.4669993977740887e-01
2.8999999999999998e-01    7.7497693123771627e-01    3.4615131538384958e-01
2.9099999999999998e-01    7.7847131712847772e-01    3.4560272140788584e-01
2.9199999999999998e-01    7.8197550641527969e-01    3.4505415839794296e-01
2.9299999999999998e-01    7.8548646407293810e-01    3.4450562689880826e-01
2.9399999999999998e-01    7.8900448298239223e-01    3.4395712745026685e-01
2.9499999999999998e-01    7.9253594726701915e-01    3.4340866059164910e-01
2.9599999999999999e-01    7.9607124636878313e-01    3.4286022685500939e-01
2.9699999999999999e-01    7.9961217271703555e-01    3.4231182677149263e-01
2.9799999999999999e-01    8.0316321540935864e-01    3.4176346086724152e-01
2.9899999999999999e-01    8.0671958950379474e-01    3.4121512966657974e-01
2.9999999999999999e-01    8.1028713446691047e-01    3.4066683368882877e-01
3.0099999999999999e-01    8.1386200492896310e-01    3.4011857345012686e-01
3.0199999999999999e-01    8.1744366596338802e-01    3.3957034946388376e-01
3.0299999999999999e-01    8.2103213196742864e-01    3.3902216224032600e-01
3.0399999999999999e-01    8.2462853750059317e-01    3.3847401228467788e-01
3.0499999999999999e-01    8.2823758505693268e-01    3.3792590010079948e-01
3.0599999999999999e-01    8.3184689251128285e-01    3.3737782618754864e-01
3.0700000000000000e-01    8.3546421397116666e-01    3.3682979104332844e-01
3.0800000000000000e-01    8.3908544672777352e-01    3.3628179515972079e-01
3.0900000000000000e-01    8.4271493080711990e-01    3.3573383902694331e-01
3.1000000000000000e-01    8.4635013227031630e-01    3.3518592313339468e-01
3.1100000000000000e-01    8.4998970730246548e-01    3.3463804796474506e-01
3.1200000000000000e-01    8.5363772265350502e-01    3.3409021399575067e-01
3.1300000000000000e-01    8.5728420185633936e-01    3.3354242170707948e-01
3.1400000000000000e-01    8.6095430724336386e-01    3.3299467157303297e-01
3.1500000000000000e-01    8.6461860807535862e-01    3.3244696406472940e-01
3.1600000000000000e-01    8.6829618595590774e-01    3.3189929965283227e-01
3.1700000000000000e-01    8.7198645726878299e-01    3.3135167879981964e-01
3.1800000000000000e-01    8.7567821085913522e-01    3.3080410197044330e-01
3.1900000000000001e-01    8.7937669881149216e-01    3.3025656962399808e-01
3.2000000000000001e-01    8.8308194711438326e-01    3.2970908221659556e-01
3.2100000000000001e-01    8.8679338628393567e-01    3.2916164020252836e-01
3.2200000000000001e-01    8.9050909332368700e-01    3.2861424403245110e-01
3.2300000000000001e-01    8.9423415056563693e-01    3.2806689415519941e-01
3.2400000000000001e-01    8.9795941942778790e-01    3.2751959101551620e-01
3.2500000000000001e-01    9.0168058574290466e-01    3.2697233505632539e-01
3.2600000000000001e-01    9.0544105659679019e-01    3.2642512671736768e-01
3.2700000000000001e-01    9.0918883520970384e-01    3.2587796643611000e-01
3.2800000000000001e-01    9.1293889804218753e-01    3.2533085464592659e-01
3.2900000000000001e-01    9.1669933512981627e-01    3.2478379177973693e-01
3.3000000000000002e-01    9.2046866988328113e-01    3.2423677826636776e-01
3.3100000000000002e-01    9.2423929689719153e-01    3.2368981453237211e-01
3.3200000000000002e-01    9.2802179336317348e-01    3.2314290100202925e-01
3.3300000000000002e-01    9.3180865320318307e-01    3.2259603809552573e-01
3.3400000000000002e-01    9.3560493312244253e-01    3.2204922623259336e-01
3.3500000000000002e-01    9.3940694134084701e-01    3.2150246582932596e-01
3.3600000000000002e-01    9.4321158019355322e-01    3.2095575729999837e-01
3.3700000000000002e-01    9.4702268990722860e-01    3.2040910105479270e-01
3.3800000000000002e-01    9.5083994724180765e-01    3.1986249750298157e-01
3.3900000000000002e-01    9.5466298683912854e-01    3.1931594705156385e-01
3.4000000000000002e-01    9.5849380227454328e-01    3.1876945010390045e-01
3.4100000000000003e-01    9.6232773679441952e-01    3.1822300706198803e-01
3.4200000000000003e-01    9.6616726716869128e-01    3.1767661832554950e-01
3.4300000000000003e-01    9.7001256832403360e-01    3.1713028429112455e-01
3.4399999999999997e-01    9.7386406787767277e-01    3.1658400535297915e-01
3.4499999999999997e-01    9.7771851344400629e-01    3.1603778190401499e-01
3.4599999999999997e-01    9.8157895169599618e-01    3.1549161433486006e-01
3.4699999999999998e-01    9.8544539404438147e-01    3.1494550303295910e-01
3.4799999999999998e-01    9.8931792737765556e-01    3.1439944838348310e-01
3.4899999999999998e-01    9.9319601158835269e-01    3.1385345077114835e-01
3.4999999999999998e-01    9.9704823429527378e-01    3.1330751057657835e-01
3.5099999999999998e-01    1.0009397392071475e+00    3.1276162817903241e-01
3.5199999999999998e-01    1.0048341667027421e+00    3.1221580395504134e-01
3.5299999999999998e-01    1.0087334236090728e+00    3.1167003828113593e-01
3.5399999999999998e-01    1.0126368783754962e+00    3.1112433152929952e-01
3.5499999999999998e-01    1.0165474287069971e+00    3.1057868407015121e-01
3.5599999999999998e-01    1.0214527593836740e+00    3.1003309627340059e-01
3.5699999999999998e-01    1.0271855657507010e+00    3.0948756850511927e-01
3.5799999999999998e-01    1.0328812917788233e+00    3.0894210113183362e-01
3.5899999999999999e-01    1.0385882028545961e+00    3.0839669451415830e-01
3.5999999999999999e-01    1.0442990563763850e+00    3.0785134901407218e-01
3.6099999999999999e-01    1.0500149662873548e+00    3.0730606499082569e-01
3.6199999999999999e-01    1.0557317819944108e+00    3.0676084280185023e-01
3.6299999999999999e-01    1.0614514839213325e+00    3.0621568280230349e-01
3.6399999999999999e-01    1.0671799075611683e+00    3.0567058534688840e-01
3.6499999999999999e-01    1.0729102674262279e+00    3.0512555078530568e-01
3.6599999999999999e-01    1.0786349688652361e+00    3.0458057946816552e-01
3.6699999999999999e-01    1.0843649577242835e+00    3.0403567174471391e-01
3.6799999999999999e-01    1.0900995919759127e+00    3.0349082796510629e-01
3.6899999999999999e-01    1.0958471354018267e+00    3.0294604846403672e-01
3.7000000000000000e-01    1.1015837954180385e+00    3.0240133358938692e-01
3.7100000000000000e-01    1.1073293166370530e+00    3.0185668368358165e-01
3.7200000000000000e-01    1.1130707916976232e+00    3.0131209908586243e-01
3.7300000000000000e-01    1.1188155970118208e+00    3.0076758013183280e-01
3.7400000000000000e-01    1.1245378148240663e+00    3.0022312716073429e-01
3.7500000000000000e-01    1.1302853573623683e+00    2.9967874050589671e-01
3.7600000000000000e-01    1.1360335525200946e+00    2.9913442050064987e-01
3.7700000000000000e-01    1.1417816501185263e+00    2.9859016747604983e-01
3.7800000000000000e-01    1.1475309280004589e+00    2.9804598176315267e-01
3.7900000000000000e-01    1.1532832158650219e+00    2.9750186368937648e-01
3.8000000000000000e-01    1.1590356332147986e+00    2.9695781358304885e-01
3.8100000000000001e-01    1.1647890526663143e+00    2.9641383176794989e-01
3.8200000000000001e-01    1.1705626828277345e+00    2.9586991856922396e-01
3.8300000000000001e-01    1.1763212382911490e+00    2.9532607430974167e-01
3.8400000000000001e-01    1.1820797708031501e+00    2.9478229930964517e-01
3.8500000000000001e-01    1.1878119022939084e+00    2.9423859388998608e-01
3.8600000000000001e-01    1.1935743440054032e+00    2.9369495836817805e-01
3.8700000000000001e-01    1.1993415947825459e+00    2.9315139306208948e-01
3.8800000000000001e-01    1.2051077987052652e+00    2.9260789828686029e-01
3.8900000000000001e-01    1.2108615935972527e+00    2.9206447435763039e-01
3.9000000000000001e-01    1.2166015855862715e+00    2.9152112158772070e-01
3.9100000000000001e-01    1.2223514743652273e+00    2.9097784028726892e-01
3.9200000000000002e-01    1.2280982205196356e+00    2.9043463076914122e-01
3.9300000000000002e-01    1.2338674005818613e+00    2.8989149334256581e-01
3.9400000000000002e-01    1.2396213531855000e+00    2.8934842831404239e-01
3.9500000000000002e-01    1.2453743665552000e+00    2.8880543599143493e-01
3.9600000000000002e-01    1.2511263772515795e+00    2.8826251668078839e-01
3.9700000000000002e-01    1.2604759088217281e+00    2.8771967068632875e-01
3.9800000000000002e-01    1.2729223432075993e+00    2.8717689831273674e-01
3.9900000000000002e-01    1.2854580310853085e+00    2.8663419986150984e-01
4.0000000000000002e-01    1.2980848282444573e+00    2.8609157563414556e-01
4.0100000000000002e-01    1.3108041296676882e+00    2.8554902593123188e-01
4.0200000000000002e-01    1.3236147684871011e+00    2.8500655105153783e-01
4.0300000000000002e-01    1.3365174797303416e+00    2.8446415129383240e-01
4.0400000000000003e-01    1.3495120228463007e+00    2.8392182695552037e-01
4.0500000000000003e-01    1.3626029475015256e+00    2.8337957833218752e-01
4.0600000000000003e-01    1.3757891821808659e+00    2.8283740571987437e-01
4.0699999999999997e-01    1.3890704042600226e+00    2.8229530941189296e-01
4.0799999999999997e-01    1.4024476980357448e+00    2.8175328970201008e-01
4.0899999999999997e-01    1.4159217202065484e+00    2.8121134688399252e-01
4.0999999999999998e-01    1.4294931332323766e+00    2.8066948124751434e-01
4.1099999999999998e-01    1.4431627516606260e+00    2.8012769308452334e-01
4.1199999999999998e-01    1.4569310055243025e+00    2.7958598268378410e-01
4.1299999999999998e-01    1.4707986827092534e+00    2.7904435033588015e-01
4.1399999999999998e-01    1.4847664651835792e+00    2.7850279632775710e-01
4.1499999999999998e-01    1.4988350688815200e+00    2.7796132094772474e-01
4.1599999999999998e-01    1.5130051500292971e+00    2.7741992448181918e-01
4.1699999999999998e-01    1.5272774360962238e+00    2.7687860721607649e-01
4.1799999999999998e-01    1.5416528280606618e+00    2.7633736943607801e-01
4.1899999999999998e-01    1.5561311570962471e+00    2.7579621142604083e-01
4.1999999999999998e-01    1.5707144832744477e+00    2.7525513346927255e-01
4.2099999999999999e-01    1.5854028860123990e+00    2.7471413584908078e-01
4.2199999999999999e-01    1.6001970318502776e+00    2.7417321884922785e-01
4.2299999999999999e-01    1.6150976536775676e+00    2.7363238274938340e-01
4.2399999999999999e-01    1.6301051824697099e+00    2.7309162783194552e-01
4.2499999999999999e-01    1.6452209573193441e+00    2.7255095437794807e-01
4.2599999999999999e-01    1.6604455944154171e+00    2.7201036266615120e-01
4.2699999999999999e-01    1.6757797504325802e+00    2.7146985297667925e-01
4.2799999999999999e-01    1.6912175369118880e+00    2.7092942558601862e-01
4.2899999999999999e-01    1.7067734710197147e+00    2.7038908077747692e-01
4.2999999999999999e-01    1.7224407149991920e+00    2.6984881882663103e-01
4.3099999999999999e-01    1.7382204829693273e+00    2.6930864001042210e-01
4.3200000000000000e-01    1.7541136403440392e+00    2.6876854460579125e-01
4.3300000000000000e-01    1.7701209505431896e+00    2.6822853289013437e-01
4.3400000000000000e-01    1.7862433248837761e+00    2.6768860513811887e-01
4.3500000000000000e-01    1.8024814397871520e+00    2.6714876162714063e-01
4.3600000000000000e-01    1.8188348080823018e+00    2.6660900263095755e-01
4.3700000000000000e-01    1.8353068708937239e+00    2.6606932842514652e-01
4.3800000000000000e-01    1.8518981782091739e+00    2.6552973928437495e-01
4.3900000000000000e-01    1.8686063027147573e+00    2.6499023548240075e-01
4.4000000000000000e-01    1.8854347881082334e+00    2.6445081729343656e-01
4.4100000000000000e-01    1.9023844926905689e+00    2.6391148499169503e-01
4.4200000000000000e-01    1.9194545387024948e+00    2.6337223885002459e-01
4.4300000000000000e-01    1.9366484821248762e+00    2.6283307914127363e-01
4.4400000000000001e-01    1.9539648521591071e+00    2.6229400613874532e-01
4.4500000000000001e-01    1.9714058931724723e+00    2.6175502011574281e-01
4.4600000000000001e-01    1.9889708670020800e+00    2.6121612134375027e-01
4.4700000000000001e-01    2.0066619732330762e+00    2.6067731009607087e-01
4.4800000000000001e-01    2.0244792134103031e+00    2.6013858664373402e-01
4.4900000000000001e-01    2.0424248299381027e+00    2.5959995125958812e-01
4.5000000000000001e-01    2.0604972650450581e+00    2.5906140421557211e-01
4.5100000000000001e-01    2.0786995185945307e+00    2.5852294578317014e-01
4.5200000000000001e-01    2.0970319175498355e+00    2.5798457623477589e-01
4.5300000000000001e-01    2.1154949075438667e+00    2.5744629584141876e-01
4.5400000000000001e-01    2.1340906916204823e+00    2.5690810487503768e-01
4.5500000000000002e-01    2.1528190000603908e+00    2.5637000360802631e-01
4.5600000000000002e-01    2.1716809652368676e+00    2.5583199231095932e-01
4.5700000000000002e-01    2.1906949332016419e+00    2.5529407128215098e-01
4.5800000000000002e-01    2.2098266052474869e+00    2.5475624074260850e-01
4.5900000000000002e-01    2.2290975393446817e+00    2.5421850098746290e-01
4.6000000000000002e-01    2.2485035525743364e+00    2.5368085229183635e-01
4.6100000000000002e-01    2.2680424420770549e+00    2.5314329492584875e-01
4.6200000000000002e-01    2.2877254008545687e+00    2.5260582916098429e-01
4.6300000000000002e-01    2.3075424154902051e+00    2.5206845526827237e-01
4.6400000000000002e-01    2.3275078359785368e+00    2.5153117352465415e-01
4.6500000000000002e-01    2.3476155977203046e+00    2.5099398420070429e-01
4.6600000000000003e-01    2.3678656499148079e+00    2.5045688756927120e-01
4.6700000000000003e-01    2.3882597227557851e+00    2.4991988390183906e-01
4.6800000000000003e-01    2.4087980457139464e+00    2.4938297347398475e-01
4.6899999999999997e-01    2.4294832634791410e+00    2.4884615655810194e-01
4.6999999999999997e-01    2.4503147186483254e+00    2.4830943342931278e-01
4.7099999999999997e-01    2.4712958126079618e+00    2.4777280436001092e-01
4.7199999999999998e-01    2.4924244230924990e+00    2.4723626962622802e-01
4.7299999999999998e-01    2.5137027370215486e+00    2.4669982950172198e-01
4.7399999999999998e-01    2.5351317673656086e+00    2.4616348426343393e-01
4.7499999999999998e-01    2.5567125740982344e+00    2.4562723418557653e-01
4.7599999999999998e-01    2.5784462079283856e+00    2.4509107954463616e-01
4.7699999999999998e-01    2.6003333594520770e+00    2.4455502063074164e-01
4.7799999999999998e-01    2.6223764559538179e+00    2.4401905769445875e-01
4.7899999999999998e-01    2.6445759435920326e+00    2.4348319102637106e-01
4.7999999999999998e-01    2.6669316554452194e+00    2.4294742090432919e-01
4.8099999999999998e-01    2.6894453731683523e+00    2.4241174760754802e-01
4.8199999999999998e-01    2.7121177253142084e+00    2.4187617141342344e-01
4.8299999999999998e-01    2.7349501026312848e+00    2.4134069260298929e-01
4.8399999999999999e-01    2.7579428604892646e+00    2.4080531145636996e-01
4.8499999999999999e-01    2.7810985001298114e+00    2.4027002825414456e-01
4.8599999999999999e-01    2.8044175994215013e+00    2.3973484327689221e-01
4.8699999999999999e-01    2.8279004571038588e+00    2.3919975680837524e-01
4.8799999999999999e-01    2.8515486311034786e+00    2.3866476913053702e-01
4.8899999999999999e-01    2.8753514657084360e+00    2.3812988052895889e-01
4.8999999999999999e-01    2.8993340071930347e+00    2.3759509128376521e-01
4.9099999999999999e-01    2.9234835046793899e+00    2.3706040168190157e-01
4.9199999999999999e-01    2.9478029750049188e+00    2.3652581200985878e-01
4.9299999999999999e-01    2.9722930247544421e+00    2.3599132255230870e-01
4.9399999999999999e-01    2.9969536652269366e+00    2.3545693359847064e-01
4.9500000000000000e-01    3.0217885973620131e+00    2.3492264543619967e-01
4.9600000000000000e-01    3.0467955268573590e+00    2.3438845835471511e-01
4.9700000000000000e-01    3.0719781534446837e+00    2.3385437264369102e-01
4.9800000000000000e-01    3.0973362897163756e+00    2.3332038859416571e-01
4.9900000000000000e-01    3.1228716895887341e+00    2.3278650649672272e-01
5.0000000000000000e-01    3.1485863318505785e+00    2.3225272664558361e-01
5.0100000000000000e-01    3.1744794847905258e+00    2.3171904933451515e-01
5.0200000000000000e-01    3.2005528258001146e+00    2.3118547485682939e-01
5.0300000000000000e-01    3.2268072123646276e+00    2.3065200351038584e-01
5.0400000000000000e-01    3.2532457664789951e+00    2.3011863558986079e-01
5.0500000000000000e-01    3.2798656617400894e+00    2.2958537139447799e-01
5.0600000000000001e-01    3.3066700827554909e+00    2.2905221122391595e-01
5.0700000000000001e-01    3.3336599448648978e+00    2.2851915537739842e-01
5.0800000000000001e-01    3.3608355595682853e+00    2.2798620415642290e-01
5.0900000000000001e-01    3.3881996833251598e+00    2.2745335786294163e-01
5.1000000000000001e-01    3.4157484531744782e+00    2.2692061680209008e-01
5.1100000000000001e-01    3.4434889206323005e+00    2.2638798127763948e-01
5.1200000000000001e-01    3.4714266841600470e+00    2.2585545159654430e-01
5.1300000000000001e-01    3.4995547309152846e+00    2.2532302807712767e-01
5.1400000000000001e-01    3.5278785045895260e+00    2.2479071100224246e-01
5.1500000000000001e-01    3.5563923512135118e+00    2.2425850070158049e-01
5.1600000000000001e-01    3.5850984912806192e+00    2.2372639748164147e-01
5.1700000000000002e-01    3.6139984298067174e+00    2.2319440165574633e-01
5.1800000000000002e-01    3.6430965350461810e+00    2.2266251353948974e-01
5.1900000000000002e-01    3.6723966526431573e+00    2.2213073344710210e-01
5.2000000000000002e-01    3.7018947065570611e+00    2.2159906169690657e-01
5.2100000000000002e-01    3.7315898763984219e+00    2.2106749860813579e-01
5.2200000000000002e-01    3.7614842847671319e+00    2.2053604449820341e-01
5.2300000000000002e-01    3.7915842744187476e+00    2.2000469969225378e-01
5.2400000000000002e-01    3.8218901833473038e+00    2.1947346451270278e-01
5.2500000000000002e-01    3.8523992482039162e+00    2.1894233928514950e-01
5.2600000000000002e-01    3.8831139027868158e+00    2.1841132433655730e-01
5.2700000000000002e-01    3.9140295978454613e+00    2.1788041999434427e-01
5.2800000000000002e-01    3.9451528599746508e+00    2.1734962658865697e-01
5.2900000000000003e-01    3.9764858549888689e+00    2.1681894445237049e-01
5.3000000000000003e-01    4.0080279131602037e+00    2.1628837391926936e-01
5.3100000000000003e-01    4.0397780029367274e+00    2.1575791532450239e-01
5.3200000000000003e-01    4.0717407468686249e+00    2.1522756900549211e-01
5.3300000000000003e-01    4.1039149548981122e+00    2.1469733530193480e-01
5.3400000000000003e-01    4.1363004207556369e+00    2.1416721455489096e-01
5.3500000000000003e-01    4.1689001402904697e+00    2.1363720710678535e-01
5.3600000000000003e-01    4.2017147794603034e+00    2.1310731330322596e-01
5.3700000000000003e-01    4.2347443810130763e+00    2.1257753349163977e-01
5.3800000000000003e-01    4.2679893062420096e+00    2.1204786802036324e-01
5.3900000000000003e-01    4.3014484100173043e+00    2.1151831723500436e-01
5.4000000000000004e-01    4.3351260934358864e+00    2.1098888149981576e-01
5.4100000000000004e-01    4.3690216259120271e+00    2.1045956116586240e-01
5.4200000000000004e-01    4.4031344578320040e+00    2.0993035658875669e-01
5.4300000000000004e-01    4.4374674230401219e+00    2.0940126812911330e-01
5.4400000000000004e-01    4.4720205450641330e+00    2.0887229614982061e-01
5.4500000000000004e-01    4.5067949977564563e+00    2.0834344101331226e-01
5.4600000000000004e-01    4.5417972659686843e+00    2.0781470309475480e-01
5.4700000000000004e-01    4.5770149055937654e+00    2.0728608274976068e-01
5.4800000000000004e-01    4.6124538180299828e+00    2.0675758035440595e-01
5.4900000000000004e-01    4.6481147376657930e+00    2.0622919628385716e-01
5.5000000000000004e-01    4.6839994702599475e+00    2.0570093091282615e-01
5.5100000000000005e-01    4.7201073431521099e+00    2.0517278462193644e-01
5.5200000000000005e-01    4.7564399537237687e+00    2.0464475779135682e-01
5.5300000000000005e-01    4.7929973490660291e+00    2.0411685080398456e-01
5.5400000000000005e-01    4.8297794213450667e+00    2.0358906404771915e-01
5.5500000000000005e-01    4.8667864185600180e+00    2.0306139791091482e-01
5.5600000000000005e-01    4.9040183985929069e+00    2.0253385278465430e-01
5.5700000000000005e-01    4.9414781558758571e+00    2.0200642906229405e-01
5.5800000000000005e-01    4.9791639105577108e+00    2.0147912714537597e-01
5.5900000000000005e-01    5.0170752194447532e+00    2.0095194743043976e-01
5.6000000000000005e-01    5.0552171182331289e+00    2.0042489031538935e-01
5.6100000000000005e-01    5.0935782150171116e+00    1.9989795621768280e-01
5.6200000000000006e-01    5.1321643425909409e+00    1.9937114553977153e-01
5.6299999999999994e-01    5.1709754775600345e+00    1.9884445869411138e-01
5.6399999999999995e-01    5.2100107689817401e+00    1.9831789609452244e-01
5.6499999999999995e-01    5.2492734264819738e+00    1.9779145815937227e-01
5.6599999999999995e-01    5.2887592487822284e+00    1.9726514530884742e-01
5.6699999999999995e-01    5.3284714392845975e+00    1.9673895796813667e-01
5.6799999999999995e-01    5.3684075370511284e+00    1.9621289656333829e-01
5.6899999999999995e-01    5.4085643528815570e+00    1.9568696152600751e-01
5.6999999999999995e-01    5.4489452335574153e+00    1.9516115328951855e-01
5.7099999999999995e-01    5.4895501715843382e+00    1.9463547229088363e-01
5.7199999999999995e-01    5.5303860111594325e+00    1.9410991896984342e-01
5.7299999999999995e-01    5.5714294671569871e+00    1.9358449377159559e-01
5.7399999999999995e-01    5.6126940619159784e+00    1.9305919714315678e-01
5.7499999999999996e-01    5.6541815710397403e+00    1.9253402953563636e-01
5.7599999999999996e-01    5.6958831398451508e+00    1.9200899140378169e-01
5.7699999999999996e-01    5.7377880840543805e+00    1.9148408320097587e-01
5.7799999999999996e-01    5.7799186750984397e+00    1.9095930539742767e-01
5.7899999999999996e-01    5.8222636387511484e+00    1.9043465845561514e-01
5.7999999999999996e-01    5.8648269498336223e+00    1.8991014284529228e-01
5.8099999999999996e-01    5.9075940838034775e+00    1.8938575903757737e-01
5.8199999999999996e-01    5.9505687997916565e+00    1.8886150751268360e-01
5.8299999999999996e-01    5.9937521564317802e+00    1.8833738874945993e-01
5.8399999999999996e-01    6.0371460396299090e+00    1.8781340324449047e-01
5.8499999999999996e-01    6.0807335551433006e+00    1.8728955146707449e-01
5.8599999999999997e-01    6.1245200127541883e+00    1.8676583392016255e-01
5.8699999999999997e-01    6.1685066579520784e+00    1.8624225110215775e-01
5.8799999999999997e-01    6.2126842557781767e+00    1.8571880351328218e-01
5.8899999999999997e-01    6.2570543640581180e+00    1.8519549166057914e-01
5.8999999999999997e-01    6.3016127409367320e+00    1.8467231605518464e-01
5.9099999999999997e-01    6.3463564283810614e+00    1.8414927721187269e-01
5.9199999999999997e-01    6.3912846474468923e+00    1.8362637564951001e-01
5.9299999999999997e-01    6.4363895082131286e+00    1.8310361189332980e-01
5.9399999999999997e-01    6.4816650473849471e+00    1.8258098646947474e-01
5.9499999999999997e-01    6.5271103790210478e+00    1.8205849991545620e-01
5.9599999999999997e-01    6.5727253538943087e+00    1.8153615276605706e-01
5.9699999999999998e-01    6.6185059031835243e+00    1.8101394556560990e-01
5.9799999999999998e-01    6.6644387253757227e+00    1.8049187886117579e-01
5.9899999999999998e-01    6.7105200199999899e+00    1.7996995320709175e-01
5.9999999999999998e-01    6.7567512026782959e+00    1.7944816916042328e-01
6.0099999999999998e-01    6.8031253295188350e+00    1.7892652728278335e-01
6.0199999999999998e-01    6.8496392057375246e+00    1.7840502814306092e-01
6.0299999999999998e-01    6.8962827928960637e+00    1.7788367231605662e-01
6.0399999999999998e-01    6.9430452297392202e+00    1.7736246037929959e-01
6.0499999999999998e-01    6.9899218753909222e+00    1.7684139291668544e-01
6.0599999999999998e-01    7.0369051843333912e+00    1.7632047051711197e-01
6.0699999999999998e-01    7.0839901393651941e+00    1.7579969377538873e-01
6.0799999999999998e-01    7.1311701180133875e+00    1.7527906328314202e-01
6.0899999999999999e-01    7.1784418949390076e+00    1.7475857966746844e-01
6.0999999999999999e-01    7.2257851826850628e+00    1.7423824352954398e-01
6.1099999999999999e-01    7.2732062762593346e+00    1.7371805548691555e-01
6.1199999999999999e-01    7.3206884731818276e+00    1.7319801616349650e-01
6.1299999999999999e-01    7.3682133770755369e+00    1.7267812619002143e-01
6.1399999999999999e-01    7.4157868379727283e+00    1.7215838620313662e-01
6.1499999999999999e-01    7.4633694359797467e+00    1.7163879684630956e-01
6.1599999999999999e-01    7.5110063115194325e+00    1.7111935876391726e-01
6.1699999999999999e-01    7.5586330474051433e+00    1.7060007261216015e-01
6.1799999999999999e-01    7.6062560507135437e+00    1.7008093905542410e-01
6.1899999999999999e-01    7.6538570784431021e+00    1.6956195876036873e-01
6.2000000000000000e-01    7.7014358270700241e+00    1.6904313240684132e-01
6.2100000000000000e-01    7.7489613524507277e+00    1.6852446066241100e-01
6.2200000000000000e-01    7.7964267619976795e+00    1.6800594422284121e-01
6.2300000000000000e-01    7.8438222814705307e+00    1.6748758378525963e-01
6.2400000000000000e-01    7.8911322990531030e+00    1.6696938004906769e-01
6.2500000000000000e-01    7.9383280542623078e+00    1.6645133372412602e-01
6.2600000000000000e-01    7.9854086991031270e+00    1.6593344552757117e-01
6.2700000000000000e-01    8.0323418139032263e+00    1.6541571618245143e-01
6.2800000000000000e-01    8.0791080165564946e+00    1.6489814641909106e-01
6.2900000000000000e-01    8.1257102420513743e+00    1.6438073697145228e-01
6.3000000000000000e-01    8.1720983809586869e+00    1.6386348859987265e-01
6.3100000000000001e-01    8.2182565454382743e+00    1.6334640205013784e-01
6.3200000000000001e-01    8.2641693679721531e+00    1.6282947808394965e-01
6.3300000000000001e-01    8.3098130741645448e+00    1.6231271747528808e-01
6.3400000000000001e-01    8.3551596748671120e+00    1.6179612099858787e-01
6.3500000000000001e-01    8.4001881424151641e+00    1.6127968944101667e-01
6.3600000000000001e-01    8.4448613292704007e+00    1.6076342359747287e-01
6.3700000000000001e-01    8.4891671291869226e+00    1.6024732427149502e-01
6.3800000000000001e-01    8.5330632708583405e+00    1.5973139227389765e-01
6.3900000000000001e-01    8.5765171481616083e+00    1.5921562842640924e-01
6.4000000000000001e-01    8.6194915342346210e+00    1.5870003355894369e-01
6.4100000000000001e-01    8.6619695458337844e+00    1.5818460850823612e-01
6.4200000000000002e-01    8.7038848610957302e+00    1.5766935412648309e-01
6.4300000000000002e-01    8.7452871191727901e+00    1.5715427129225645e-01
6.4400000000000002e-01    8.7860213700242884e+00    1.5663936081955399e-01
6.4500000000000002e-01    8.8260930910961051e+00    1.5612462360968493e-01
6.4600000000000002e-01    8.8654629329779517e+00    1.5561006054849713e-01
6.4700000000000002e-01    8.9040730013549148e+00    1.5509567252911438e-01
6.4800000000000002e-01    8.9418926448751659e+00    1.5458146045875765e-01
6.4900000000000002e-01    8.9788586259946932e+00    1.5406742525101436e-01
6.5000000000000002e-01    9.0149255602243219e+00    1.5355356783175012e-01
6.5100000000000002e-01    9.0500383470520802e+00    1.5303988913638022e-01
6.5200000000000002e-01    9.0841396872240576e+00    1.5252639010986968e-01
6.5300000000000002e-01    9.1171535527309295e+00    1.5201307170991640e-01
6.5400000000000003e-01    9.1490292186839035e+00    1.5149993491104397e-01
6.5500000000000003e-01    9.1797117197153710e+00    1.5098698068004524e-01
6.5600000000000003e-01    9.2091064776111793e+00    1.5047421001145267e-01
6.5700000000000003e-01    9.2371266705216915e+00    1.4996162389388701e-01
6.5800000000000003e-01    9.2637236905573914e+00    1.4944922336462696e-01
6.5900000000000003e-01    9.2888024313132931e+00    1.4893700943548538e-01
6.6000000000000003e-01    9.3122701402600168e+00    1.4842498314328623e-01
6.6100000000000003e-01    9.3340588779480900e+00    1.4791314553485790e-01
6.6200000000000003e-01    9.3540048905515008e+00    1.4740149767294497e-01
6.6300000000000003e-01    9.3720755985595883e+00    1.4689004062984168e-01
6.6400000000000003e-01    9.3881091317985454e+00    1.4637877548966571e-01
6.6500000000000004e-01    9.4020297836606783e+00    1.4586770335063193e-01
6.6600000000000004e-01    9.4136728873148510e+00    1.4535682532368810e-01
6.6700000000000004e-01    9.4886001087690470e+00    1.4484614253478867e-01
6.6800000000000004e-01    9.5759897371777960e+00    1.4433565612080201e-01
6.6900000000000004e-01    9.6642932220935034e+00    1.4382536723178418e-01
6.7000000000000004e-01    9.7535130989139613e+00    1.4331527703416214e-01
6.7100000000000004e-01    9.8436772040137068e+00    1.4280538670618625e-01
6.7200000000000004e-01    9.9347716563143731e+00    1.4229569744247783e-01
6.7300000000000004e-01    1.0026866515343437e+01    1.4178621045994078e-01
6.7400000000000004e-01    1.0119912650573028e+01    1.4127692696138183e-01
6.7500000000000004e-01    1.0213905976390548e+01    1.4076784819326349e-01
6.7600000000000005e-01    1.0308885909324042e+01    1.4025897541205268e-01
6.7700000000000005e-01    1.0404896461769642e+01    1.3975030987967330e-01
6.7800000000000005e-01    1.0501906622265047e+01    1.3924185288215085e-01
6.7900000000000005e-01    1.0599942758107776e+01    1.3873360571778903e-01
6.8000000000000005e-01    1.0699010564909265e+01    1.3822556970490041e-01
6.8100000000000005e-01    1.0799135657691195e+01    1.3771774616770927e-01
6.8200000000000005e-01    1.0900304655810354e+01    1.3721013646591018e-01
6.8300000000000005e-01    1.1002555771468206e+01    1.3670274195737875e-01
6.8400000000000005e-01    1.1105882329010432e+01    1.3619556402909438e-01
6.8500000000000005e-01    1.1210298080878598e+01    1.3568860407667671e-01
6.8600000000000005e-01    1.1315824357735272e+01    1.3518186352075645e-01
6.8700000000000006e-01    1.1422474438937426e+01    1.3467534379424251e-01
6.8799999999999994e-01    1.1530254635137638e+01    1.3416904635232640e-01
6.8899999999999995e-01    1.1639183588996502e+01    1.3366297266702531e-01
6.8999999999999995e-01    1.1749264372874519e+01    1.3315712422991055e-01
6.9099999999999995e-01    1.1860534026403149e+01    1.3265150255028857e-01
6.9199999999999995e-01    1.1972943401185647e+01    1.3214610916838865e-01
6.9299999999999995e-01    1.2086568153725633e+01    1.3164094561852835e-01
6.9399999999999995e-01    1.2201349463113067e+01    1.3113601347731674e-01
6.9499999999999995e-01    1.2317413659941312e+01    1.3063131434773823e-01
6.9599999999999995e-01    1.2434675096006773e+01    1.3012684981686107e-01
6.9699999999999995e-01    1.2553216781860366e+01    1.2962262153041593e-01
6.9799999999999995e-01    1.2672983501873937e+01    1.2911863113049549e-01
6.9899999999999995e-01    1.2794029089594513e+01    1.2861488031330737e-01
6.9999999999999996e-01    1.2916353209149728e+01    1.2811137076869272e-01
7.0099999999999996e-01    1.3039987195072824e+01    1.2760810421468705e-01
7.0199999999999996e-01    1.3164939566378717e+01    1.2710508239570117e-01
7.0299999999999996e-01    1.3291288318518339e+01    1.2660230706796938e-01
7.0399999999999996e-01    1.3418875897397379e+01    1.2609978004411460e-01
7.0499999999999996e-01    1.3547817424329800e+01    1.2559750312539109e-01
7.0599999999999996e-01    1.3678143478654908e+01    1.2509547815716360e-01
7.0699999999999996e-01    1.3809878580711930e+01    1.2459370699434658e-01
7.0799999999999996e-01    1.3942976423378898e+01    1.2409219153778395e-01
7.0899999999999996e-01    1.4077511883239088e+01    1.2359093369468610e-01
7.0999999999999996e-01    1.4213442601248275e+01    1.2308993541273594e-01
7.1099999999999997e-01    1.4350793586170994e+01    1.2258919865325879e-01
7.1199999999999997e-01    1.4489594145635980e+01    1.2208872541941673e-01
7.1299999999999997e-01    1.4629841711660948e+01    1.2158851773256174e-01
7.1399999999999997e-01    1.4771579108119553e+01    1.2108857764314962e-01
7.1499999999999997e-01    1.4914805235390469e+01    1.2058890723210425e-01
7.1599999999999997e-01    1.5059498476661311e+01    1.2008950862355050e-01
7.1699999999999997e-01    1.5205735759362469e+01    1.1959038392706134e-01
7.1799999999999997e-01    1.5353500473011534e+01    1.1909153532360506e-01
7.1899999999999997e-01    1.5502818345045315e+01    1.1859296501552308e-01
7.1999999999999997e-01    1.5653641474763583e+01    1.1809467523244166e-01
7.2099999999999997e-01    1.5806015034304682e+01    1.1759666823763837e-01
7.2199999999999998e-01    1.5960013126202551e+01    1.1709894632258511e-01
7.2299999999999998e-01    1.6115589352454911e+01    1.1660151182059053e-01
7.2399999999999998e-01    1.6272723226537366e+01    1.1610436708815541e-01
7.2499999999999998e-01    1.6431496332130916e+01    1.1560751452361728e-01
7.2599999999999998e-01    1.6591890469269892e+01    1.1511095655441750e-01
7.2699999999999998e-01    1.6753877767954759e+01    1.1461469564528670e-01
7.2799999999999998e-01    1.6917504852660201e+01    1.1411873431734421e-01
7.2899999999999998e-01    1.7082805837645729e+01    1.1362307507260994e-01
7.2999999999999998e-01    1.7249762235902310e+01    1.1312772050132480e-01
7.3099999999999998e-01    1.7418390019340897e+01    1.1263267321737658e-01
7.3199999999999998e-01    1.7588699167268736e+01    1.1213793587103282e-01
7.3299999999999998e-01    1.7760691852146543e+01    1.1164351115075988e-01
7.3399999999999999e-01    1.7934385863337084e+01    1.1114940179322730e-01
7.3499999999999999e-01    1.8109751540426938e+01    1.1065561056238948e-01
7.3599999999999999e-01    1.8286829597774261e+01    1.1016214027404203e-01
7.3699999999999999e-01    1.8465662340747880e+01    1.0966899378036032e-01
7.3799999999999999e-01    1.8646151385160803e+01    1.0917617399263690e-01
7.3899999999999999e-01    1.8828386761717688e+01    1.0868368383216875e-01
7.3999999999999999e-01    1.9012364015780378e+01    1.0819152629210294e-01
7.4099999999999999e-01    1.9198043602240102e+01    1.0769970440560428e-01
7.4199999999999999e-01    1.9385453412724516e+01    1.0720822124949336e-01
7.4299999999999999e-01    1.9574627133046864e+01    1.0671707994333701e-01
7.4399999999999999e-01    1.9765521873230263e+01    1.0622628367218567e-01
7.4500000000000000e-01    1.9958116029468783e+01    1.0573583565019362e-01
7.4600000000000000e-01    2.0152452575305603e+01    1.0524573914790381e-01
7.4700000000000000e-01    2.0348486036778795e+01    1.0475599748951936e-01
7.4800000000000000e-01    2.0546280300070194e+01    1.0426661405654158e-01
7.4900000000000000e-01    2.0745758603323861e+01    1.0377759225866612e-01
7.5000000000000000e-01    2.0946907165672837e+01    1.0328893558471464e-01
7.5100000000000000e-01    2.1149747635632362e+01    1.0280064757171203e-01
7.5200000000000000e-01    2.1354276468349749e+01    1.0231273180124845e-01
7.5300000000000000e-01    2.1560466316763890e+01    1.0182519193222106e-01
7.5400000000000000e-01    2.1768277145008767e+01    1.0133803166536381e-01
7.5500000000000000e-01    2.1977736020450831e+01    1.0085125476507528e-01
7.5600000000000001e-01    2.2188784253826125e+01    1.0036486505396169e-01
7.5700000000000001e-01    2.2401392473694621e+01    9.9878866418293910e-02
7.5800000000000001e-01    2.2615566855324580e+01    9.9393262808007421e-02
7.5900000000000001e-01    2.2831269849902561e+01    9.8908058233973861e-02
7.6000000000000001e-01    2.3048448785738817e+01    9.8423256772548484e-02
7.6100000000000001e-01    2.3267095038515766e+01    9.7938862568298646e-02
7.6200000000000001e-01    2.3487171631405836e+01    9.7454879837641784e-02
7.6300000000000001e-01    2.3708624341244111e+01    9.6971312844289059e-02
7.6400000000000001e-01    2.3931371292280684e+01    9.6488165945629589e-02
7.6500000000000001e-01    2.4155403146623467e+01    9.6005443562717119e-02
7.6600000000000001e-01    2.4380648171720857e+01    9.5523150188455475e-02
7.6700000000000002e-01    2.4607062074574145e+01    9.5041290393055533e-02
7.6800000000000002e-01    2.4834573789228070e+01    9.4559868818578252e-02
7.6900000000000002e-01    2.5063109421810722e+01    9.4078890184391639e-02
7.7000000000000002e-01    2.5292594005649864e+01    9.3598359292627720e-02
7.7100000000000002e-01    2.5522977022224776e+01    9.3118281038186979e-02
7.7200000000000002e-01    2.5754126618876594e+01    9.2638660356897162e-02
7.7300000000000002e-01    2.5986018716115566e+01    9.2159502304639318e-02
7.7400000000000002e-01    2.6218355625177942e+01    9.1680812020968006e-02
7.7500000000000002e-01    2.6451226061167038e+01    9.1202594715468877e-02
7.7600000000000002e-01    2.6684480779778525e+01    9.0724855685948569e-02
7.7700000000000002e-01    2.6918060543195882e+01    9.0247600352995505e-02
7.7800000000000002e-01    2.7151613483798489e+01    8.9770834195405769e-02
7.7900000000000003e-01    2.7385133711694571e+01    8.9294562803843291e-02
7.8000000000000003e-01    2.7618556609385397e+01    8.8818791852645518e-02
7.8100000000000003e-01    2.7851502307138023e+01    8.8343527120741783e-02
7.8200000000000003e-01    2.8083877035955258e+01    8.7868774473463418e-02
7.8300000000000003e-01    2.8315520143516736e+01    8.7394539908018487e-02
7.8400000000000003e-01    2.8546512528657161e+01    8.6920829532573407e-02
7.8500000000000003e-01    2.8776018156580015e+01    8.6447649506226298e-02
7.8600000000000003e-01    2.9004191175471387e+01    8.5975006130865950e-02
7.8700000000000003e-01    2.9230753010037006e+01    8.5502905825705966e-02
7.8800000000000003e-01    2.9455198525346518e+01    8.5031355090904981e-02
7.8900000000000003e-01    2.9677545109001919e+01    8.4560360594878148e-02
7.9000000000000004e-01    2.9897506381600838e+01    8.4089929065157776e-02
7.9100000000000004e-01    3.0114513590000623e+01    8.3620067407537135e-02
7.9200000000000004e-01    3.0328086488721468e+01    8.3150782600569073e-02
7.9300000000000004e-01    3.0538183089173007e+01    8.2682081771054072e-02
7.9400000000000004e-01    3.0744153443377755e+01    8.2213972167664906e-02
7.9500000000000004e-01    3.0945800248599397e+01    8.1746461182774510e-02
7.9600000000000004e-01    3.1142384485931363e+01    8.1279556315166701e-02
7.9700000000000004e-01    3.1333424609695246e+01    8.0813265218239394e-02
7.9800000000000004e-01    3.1518558084687744e+01    8.0347595681814710e-02
7.9900000000000004e-01    3.1697158353737375e+01    7.9882555625772511e-02
8.0000000000000004e-01    3.1868370100093831e+01    7.9418153106416867e-02
8.0100000000000005e-01    3.2031706161913384e+01    7.8954396385597647e-02
8.0200000000000005e-01    3.2186339501254793e+01    7.8491293855222466e-02
8.0300000000000005e-01    3.2331485090133590e+01    7.8028853919931862e-02
8.0400000000000005e-01    3.2466169574611335e+01    7.7567085357259202e-02
8.0500000000000005e-01    3.2589828422365287e+01    7.7105996972932189e-02
8.0600000000000005e-01    3.2701040764348484e+01    7.6645597753667971e-02
8.0700000000000005e-01    3.2798622967798373e+01    7.6185896889910509e-02
8.0800000000000005e-01    3.2882003254017306e+01    7.5726903703071002e-02
8.0900000000000005e-01    3.2949310516133401e+01    7.5268627701916557e-02
8.1000000000000005e-01    3.2999100397246359e+01    7.4811078561651811e-02
8.1100000000000005e-01    3.3030099855597932e+01    7.4354266165755689e-02
8.1200000000000006e-01    3.3040484393663228e+01    7.3898200549592730e-02
8.1299999999999994e-01    3.3233708841496757e+01    7.3442891944978328e-02
8.1399999999999995e-01    3.3549645489285147e+01    7.2988350777450250e-02
8.1499999999999995e-01    3.3867923326330072e+01    7.2534587666268635e-02
8.1599999999999995e-01    3.4189051409294230e+01    7.2081613433510938e-02
8.1699999999999995e-01    3.4512538185577512e+01    7.1629439071330125e-02
8.1799999999999995e-01    3.4838052953715156e+01    7.1178075856551004e-02
8.1899999999999995e-01    3.5166231134568136e+01    7.0727535204241576e-02
8.1999999999999995e-01    3.5496785849497456e+01    7.0277828763209982e-02
8.2099999999999995e-01    3.5829830124410016e+01    6.9828968406909553e-02
8.2199999999999995e-01    3.6165306199390841e+01    6.9380966226162855e-02
8.2299999999999995e-01    3.6502774833290275e+01    6.8933834570088948e-02
8.2399999999999995e-01    3.6842791213836733e+01    6.8487585986076738e-02
8.2499999999999996e-01    3.7184926324802952e+01    6.8042233252526785e-02
8.2599999999999996e-01    3.7529445079885107e+01    6.7597789412502607e-02
8.2699999999999996e-01    3.7876005561728576e+01    6.7154267753721797e-02
8.2799999999999996e-01    3.8224999629747444e+01    6.6711681802189560e-02
8.2899999999999996e-01    3.8576085869968892e+01    6.6270045358578500e-02
8.2999999999999996e-01    3.8929324767141900e+01    6.5829372456391866e-02
8.3099999999999996e-01    3.9284687218544548e+01    6.5389677411985758e-02
8.3199999999999996e-01    3.9642214545656941e+01    6.4950974820931151e-02
8.3299999999999996e-01    4.0001856729811912e+01    6.4513279544371471e-02
8.3399999999999996e-01    4.0363676956699997e+01    6.4076606709932094e-02
8.3499999999999996e-01    4.0727596893557099e+01    6.3640971756285580e-02
8.3599999999999997e-01    4.1093617743064669e+01    6.3206390398590884e-02
8.3699999999999997e-01    4.1461630715219570e+01    6.2772878669420606e-02
8.3799999999999997e-01    4.1831781465733101e+01    6.2340452849639405e-02
8.3899999999999997e-01    4.2204205484097329e+01    6.1909129576633859e-02
8.3999999999999997e-01    4.2578627593383324e+01    6.1478925777919358e-02
8.4099999999999997e-01    4.2955249321756895e+01    6.1049858721162309e-02
8.4199999999999997e-01    4.3334294968651307e+01    6.0621945947787026e-02
8.4299999999999997e-01    4.3715647697762847e+01    6.0195205381205596e-02
8.4399999999999997e-01    4.4099350371077271e+01    5.9769655249510834e-02
8.4499999999999997e-01    4.4485655046053161e+01    5.9345314121856063e-02
8.4599999999999997e-01    4.4874520985753932e+01    5.8922200913002598e-02
8.4699999999999998e-01    4.5266169653734849e+01    5.8500334893324180e-02
8.4799999999999998e-01    4.5660743815638305e+01    5.8079735674255062e-02
8.4899999999999998e-01    4.6058490587134202e+01    5.7660423238303338e-02
8.4999999999999998e-01    4.6459618697792372e+01    5.7242417910856602e-02
8.5099999999999998e-01    4.6864286152715643e+01    5.6825740430213045e-02
8.5199999999999998e-01    4.7272795735992375e+01    5.6410411849356024e-02
8.5299999999999998e-01    4.7685690144348278e+01    5.5996453662373824e-02
8.5399999999999998e-01    4.8103207491194993e+01    5.5583887694410805e-02
8.5499999999999998e-01    4.8525773769040647e+01    5.5172736193526362e-02
8.5599999999999998e-01    4.8954010874611207e+01    5.4763021785220189e-02
8.5699999999999998e-01    4.9388607288440035e+01    5.4354767488803191e-02
8.5799999999999998e-01    4.9829713129132543e+01    5.3947996753777261e-02
8.5899999999999999e-01    5.0278376876237509e+01    5.3542733407084597e-02
8.5999999999999999e-01    5.0735323472015146e+01    5.3139001665840624e-02
8.6099999999999999e-01    5.1201381547116881e+01    5.2736826218279020e-02
8.6199999999999999e-01    5.1677550717406021e+01    5.2336232104607916e-02
8.6299999999999999e-01    5.2164775552353198e+01    5.1937244837972685e-02
8.6399999999999999e-01    5.2664429549934184e+01    5.1539890305321023e-02
8.6499999999999999e-01    5.3177618439079097e+01    5.1144194840162527e-02
8.6599999999999999e-01    5.3705811219561262e+01    5.0750185188917385e-02
8.6699999999999999e-01    5.4250441218179013e+01    5.0357888532744255e-02
8.6799999999999999e-01    5.4813417475311141e+01    4.9967332444794010e-02
8.6899999999999999e-01    5.5396404373434549e+01    4.9578544949326897e-02
8.7000000000000000e-01    5.6001363464085955e+01    4.9191554469871335e-02
8.7100000000000000e-01    5.6630612983097890e+01    4.8806389852870780e-02
8.7200000000000000e-01    5.7286239504186348e+01    4.8423080361317261e-02
8.7300000000000000e-01    5.7917559152252949e+01    4.8041655647466541e-02
8.7400000000000000e-01    5.8386441679819548e+01    4.7662145771028008e-02
8.7500000000000000e-01    5.8853528934197662e+01    4.7284581169151352e-02
8.7600000000000000e-01    5.9318749704736582e+01    4.6908992667340499e-02
8.7700000000000000e-01    5.9782355112068082e+01    4.6535411435797869e-02
8.7800000000000000e-01    6.0244482979302163e+01    4.6163868998519320e-02
8.7900000000000000e-01    6.0705444639457482e+01    4.5794397184181435e-02
8.8000000000000000e-01    6.1165490433947156e+01    4.5427028135236469e-02
8.8100000000000001e-01    6.1625128182187780e+01    4.5061794236062269e-02
8.8200000000000001e-01    6.2084949732670054e+01    4.4698728102957830e-02
8.8300000000000001e-01    6.2545623682439917e+01    4.4337862526845129e-02
8.8400000000000001e-01    6.3008000853233966e+01    4.3979230414151971e-02
8.8500000000000001e-01    6.3473018678054842e+01    4.3622864734061295e-02
8.8600000000000001e-01    6.3941670567725716e+01    4.3268798404824338e-02
8.8700000000000001e-01    6.4415365327899138e+01    4.2917064219182066e-02
8.8800000000000001e-01    6.4895766614150219e+01    4.2567694708850468e-02
8.8900000000000001e-01    6.5384320855045118e+01    4.2220721983539988e-02
8.9000000000000001e-01    6.5882874043758889e+01    4.1876177539052151e-02
8.9100000000000001e-01    6.6393736064358208e+01    4.1534092027177394e-02
8.9200000000000002e-01    6.6919357555220117e+01    4.1194494930095971e-02
8.9300000000000002e-01    6.7462296375987364e+01    4.0857414172933204e-02
8.9400000000000002e-01    6.8025434164654456e+01    4.0522875631722854e-02
8.9500000000000002e-01    6.8612084118325612e+01    4.0190902483118407e-02
8.9600000000000002e-01    6.9225551813269092e+01    3.9861514311269275e-02
8.9700000000000002e-01    6.9869639457876261e+01    3.9534726024612610e-02
8.9800000000000002e-01    7.0548208899543056e+01    3.9210546284266456e-02
8.9900000000000002e-01    7.1265388026646633e+01    3.8888975412191940e-02
9.0000000000000002e-01    7.2025433772583469e+01    3.8570002482629206e-02
9.0100000000000002e-01    7.2832505230673405e+01    3.8253601175711083e-02
9.0200000000000002e-01    7.3690946713746541e+01    3.7939723793897429e-02
9.0300000000000002e-01    7.4604589153934583e+01    3.7628292405315733e-02
9.0400000000000003e-01    7.5576520087620253e+01    3.7319185335945804e-02
9.0500000000000003e-01    7.6608742683284191e+01    3.7012215966569784e-02
9.0600000000000003e-01    7.7700768988287635e+01    3.6707098303850216e-02
9.0700000000000003e-01    7.8629723299588832e+01    3.6403388487087796e-02
9.0800000000000003e-01    7.9476359345078023e+01    3.6100380780226260e-02
9.0900000000000003e-01    8.0205613930575439e+01    3.5796911199213355e-02
9.1000000000000003e-01    8.0753837961102732e+01    3.5490960799506865e-02
9.1100000000000003e-01    8.0991688320675948e+01    3.5178784853997058e-02
9.1200000000000003e-01    8.0622228813072155e+01    3.4852813679208339e-02
9.1300000000000003e-01    7.8874815969916583e+01    3.4496115189540433e-02
9.1400000000000003e-01    7.3661993223251443e+01    3.4067805456288625e-02
9.1500000000000004e-01    6.1285404164629917e+01    3.3481635385214759e-02
9.1600000000000004e-01    7.4219758696621597e+01    3.2662593587701849e-02
9.1700000000000004e-01    8.1166673057479812e+01    3.1667453553382074e-02
9.1800000000000004e-01    8.4216364291714697e+01    3.0588568306484376e-02
9.1900000000000004e-01    8.5694128000201957e+01    2.9473255483935645e-02
9.2000000000000004e-01    8.6458845419266936e+01    2.8341217304841848e-02
9.2100000000000004e-01    8.6822325170866932e+01    2.7201220118513447e-02
9.2200000000000004e-01    8.6906285695463438e+01    2.6057620782921731e-02
9.2300000000000004e-01    8.6759100249645172e+01    2.4912816685173311e-02
9.2400000000000004e-01    8.6396961086123042e+01    2.3768246567669848e-02
9.2500000000000004e-01    8.5820361169999956e+01    2.2624840236858290e-02
9.2600000000000005e-01    8.5020262030917223e+01    2.1483238515429548e-02
9.2700000000000005e-01    8.3981292740585218e+01    2.0343908732684213e-02
9.2800000000000005e-01    8.2682423464415635e+01    1.9207209226806299e-02
9.2900000000000005e-01    8.1097052863678186e+01    1.8073427305353107e-02
9.3000000000000005e-01    8.3841159468836480e+01    1.6942802540143020e-02
9.3100000000000005e-01    8.7333999821220800e+01    1.5815541903066332e-02
9.3200000000000005e-01    9.0091178748817583e+01    1.4691830042465881e-02
9.3300000000000005e-01    9.2122203977769061e+01    1.3571836796472780e-02
9.3400000000000005e-01    9.3412524404107870e+01    1.2455723364837468e-02
9.3500000000000005e-01    9.3925326470406901e+01    1.1343648003276030e-02
9.3600000000000005e-01    9.3599526913128756e+01    1.0235772997475578e-02
9.3700000000000006e-01    9.2343584157309664e+01    9.1322738871895126e-03
9.3799999999999994e-01    1.1926257593022481e+02    8.0333547139161965e-03
9.3899999999999995e-01    1.7934029159412464e+02    6.9392766372402548e-03
9.3999999999999995e-01    2.8264161761300670e+02    5.8504156395429163e-03
9.4099999999999995e-01    4.7593949500071813e+02    4.7673982999185682e-03
9.4199999999999995e-01    8.7976971487350602e+02    3.6914701249770587e-03
9.4299999999999995e-01    1.8258254514987755e+03    2.6257518366037402e-03
9.4399999999999995e-01    1.5972285622196835e+03    1.5814581111044390e-03
9.4499999999999995e-01    4.7472406276320016e+03    6.4484457470825873e-04
9.4599999999999995e-01    3.7346822364533541e+03    7.7982673519727541e-04
9.4699999999999995e-01    3.7042942466584664e+03    1.7454627186452853e-03
9.4799999999999995e-01    1.4107905922435045e+03    2.7748369111577631e-03
9.4899999999999995e-01    6.6595483364103575e+02    3.8125360833873856e-03
9.4999999999999996e-01    3.6725035394943285e+02    4.8499052572879009e-03
9.5099999999999996e-01    2.2447168977715549e+02    5.8843663628067588e-03
9.5199999999999996e-01    1.4738050638982332e+02    6.9148697784839896e-03
9.5299999999999996e-01    1.0195373453300259e+02    7.9408982064705924e-03
9.5399999999999996e-01    7.3372228471424094e+01    8.9621607385197422e-03
9.5499999999999996e-01    5.4456359656633502e+01    9.9784772919520037e-03
9.5599999999999996e-01    4.1423047727360348e+01    1.0989728176355129e-02
9.5699999999999996e-01    3.2666687586858352e+01    1.1995829596344265e-02
9.5799999999999996e-01    3.2459656061329710e+01    1.2996720873161394e-02
9.5899999999999996e-01    2.9770755958061354e+01    1.3992357182360138e-02
9.5999999999999996e-01    2.6481709323391062e+01    1.4982705181864731e-02
9.6099999999999997e-01    2.3234069646639018e+01    1.5967740443556977e-02
9.6199999999999997e-01    2.0250576589308331e+01    1.6947445510595571e-02
9.6299999999999997e-01    1.7597586063315738e+01    1.7921808810569928e-02
9.6399999999999997e-01    1.5273182352764545e+01    1.8890823690526304e-02
9.6499999999999997e-01    1.3251976671533203e+01    1.9854487789416453e-02
9.6599999999999997e-01    1.1498370558450382e+01    2.0812802547879983e-02
9.6699999999999997e-01    9.9782200154837710e+00    2.1765772644357639e-02
9.6799999999999997e-01    8.6600124345899445e+00    2.2713405818649335e-02
9.6899999999999997e-01    7.5120529188044403e+00    2.3655712388972461e-02
9.6999999999999997e-01    6.5152917713981875e+00    2.4592705065515474e-02
9.7099999999999997e-01    5.6448003966131468e+00    2.5524398538436799e-02
9.7199999999999998e-01    4.8840909357612317e+00    2.6450809335983649e-02
9.7299999999999998e-01    4.2168567650310411e+00    2.7371955506168888e-02
9.7399999999999998e-01    3.6307939822114119e+00    2.8287856393944821e-02
9.7499999999999998e-01    3.2520757764939741e+00    2.9198532466580218e-02
9.7599999999999998e-01    3.2026299790582584e+00    3.0104004836175591e-02
9.7699999999999998e-01    3.1517249635719535e+00    3.1004295357888623e-02
9.7799999999999998e-01    3.0995599941455532e+00    3.1899426258860331e-02
9.7899999999999998e-01    3.0464187863733985e+00    3.2789419881737558e-02
9.7999999999999998e-01    2.9929984432554475e+00    3.3674298472760711e-02
9.8099999999999998e-01    2.9392762037210538e+00    3.4554084114461148e-02
9.8199999999999998e-01    2.8855215877470499e+00    3.5428798362772795e-02
9.8299999999999998e-01    2.8319965508682707e+00    3.6298462101512996e-02
9.8399999999999999e-01    2.7786380452295090e+00    3.7163095400501334e-02
9.8499999999999999e-01    2.7256594505266585e+00    3.8022717275453033e-02
9.8599999999999999e-01    2.6733045477937494e+00    3.8877345597029489e-02
9.8699999999999999e-01    2.6213995256274143e+00    3.9726996788886026e-02
9.8799999999999999e-01    2.5699527362399923e+00    4.0571685775830701e-02
9.8899999999999999e-01    2.5191777142801572e+00    4.1411425880141906e-02
9.8999999999999999e-01    2.4688473777362083e+00    4.2246228499607241e-02
9.9099999999999999e-01    2.4197440288797809e+00    4.3076103088424134e-02
9.9199999999999999e-01    2.3707780625665742e+00    4.3901057033508550e-02
9.9299999999999999e-01    2.3226263715630822e+00    4.4721095581735426e-02
9.9399999999999999e-01    2.2752376582333937e+00    4.5536221549809852e-02
9.9500000000000000e-01    2.2283253265573433e+00    4.6346435356099391e-02
9.9600000000000000e-01    2.1823031718022463e+00    4.7151734905128251e-02
9.9700000000000000e-01    2.1367618484999142e+00    4.7952115463886003e-02
9.9800000000000000e-01    2.0917075983133393e+00    4.8747569600891438e-02
9.9900000000000000e-01    2.0474766003188467e+00    4.9538087143446319e-02
1.0000000000000000e+00    2.0037327991517202e+00    5.0323655014835822e-02
