9.4399999999999995e-01    1.5972285622196835e+03    1.5814581111044390e-03
9.4403076923076923e-01    1.6549923139831349e+03    1.5500279341722489e-03
9.4406153846153840e-01    1.7152969085145080e+03    1.5186665277724387e-03
9.4409230769230768e-01    1.7782338224002963e+03    1.4873779427944100e-03
9.4412307692307684e-01    1.8438893642812527e+03    1.4561665639121202e-03
9.4415384615384612e-01    1.9123423284996077e+03    1.4250371532398276e-03
9.4418461538461529e-01    1.9836601038672004e+03    1.3939948776169331e-03
9.4421538461538457e-01    2.0578972269960786e+03    1.3630453640871565e-03
9.4424615384615385e-01    2.1350859356768187e+03    1.3321947399163037e-03
9.4427692307692301e-01    2.2152362073280142e+03    1.3014496953474008e-03
9.4430769230769229e-01    2.2983258678481425e+03    1.2708175372608821e-03
9.4433846153846146e-01    2.3842951465408655e+03    1.2403062737575965e-03
9.4436923076923074e-01    2.4730322018239863e+03    1.2099246714569745e-03
9.4439999999999991e-01    2.5643720343263262e+03    1.1796823719123495e-03
9.4443076923076918e-01    2.6580810472434391e+03    1.1495899789224495e-03
9.4446153846153846e-01    2.7538447883652298e+03    1.1196591776752030e-03
9.4449230769230763e-01    2.8512641840409037e+03    1.0899028666244703e-03
9.4452307692307691e-01    2.9498488989362213e+03    1.0603353148326278e-03
9.4455384615384608e-01    3.0490215744023981e+03    1.0309723238606239e-03
9.4458461538461536e-01    3.1481386710830420e+03    1.0018314324042876e-03
9.4461538461538452e-01    3.2465395373183678e+03    9.7293213457305683e-04
9.4464615384615380e-01    3.3436442161254004e+03    9.4429613363899989e-04
9.4467692307692308e-01    3.4391310355555629e+03    9.1594763398461509e-04
9.4470769230769225e-01    3.5332430419438310e+03    8.8791366488294443e-04
9.4473846153846153e-01    3.6272937797857903e+03    8.6022445339040132e-04
9.4476923076923069e-01    3.7244667829888404e+03    8.3291384089534404e-04
9.4479999999999997e-01    3.8310102637851683e+03    8.0601975241734181e-04
9.4483076923076914e-01    3.9578755467391302e+03    7.7958471956662834e-04
9.4486153846153842e-01    4.1226505046695092e+03    7.5365644261182752e-04
9.4489230769230770e-01    4.3512265925736665e+03    7.2828843713068636e-04
9.4492307692307687e-01    4.5038829728738810e+03    7.0354066428990336e-04
9.4495384615384614e-01    4.6164844289653074e+03    6.7948028026876273e-04
9.4498461538461531e-01    4.7088232028450066e+03    6.5618210737738991e-04
9.4501538461538459e-01    4.7810104502734603e+03    6.3372955719387392e-04
9.4504615384615376e-01    4.8391865197201496e+03    6.1221496343932813e-04
9.4507692307692304e-01    4.9002299174899408e+03    5.9173981844651280e-04
9.4510769230769220e-01    4.9974472104826236e+03    5.7241491504100850e-04
9.4513846153846148e-01    5.1839668559363190e+03    5.5435973808926065e-04
9.4516923076923076e-01    5.5272265457578633e+03    5.3770136219100095e-04
9.4519999999999993e-01    5.9835476970752070e+03    5.2257252355047967e-04
9.4523076923076921e-01    5.9305255418293109e+03    5.0910871505038813e-04
9.4526153846153838e-01    5.8760426034106076e+03    4.9744420721253846e-04
9.4529230769230765e-01    5.8689939714339698e+03    4.8770720513857668e-04
9.4532307692307682e-01    5.9654462938890738e+03    4.8001407230913173e-04
9.4535384615384610e-01    6.2066220758186273e+03    4.7446327971556457e-04
9.4538461538461538e-01    6.5961168089944076e+03    4.7112959418882383e-04
9.4541538461538455e-01    6.3746638109180321e+03    4.7005922078824369e-04
9.4544615384615383e-01    6.1616248858721056e+03    4.7126661138463533e-04
9.4547692307692299e-01    6.0720376013279829e+03    4.7473343238380039e-04
9.4550769230769227e-01    6.0943211616101689e+03    4.8040981801023008e-04
9.4553846153846144e-01    6.1871107184924085e+03    4.8821777636476327e-04
9.4556923076923072e-01    6.2997979567008342e+03    4.9805614980868995e-04
9.4560000000000000e-01    5.8222392209605405e+03    5.0980651394638699e-04
9.4563076923076916e-01    5.5113757906425535e+03    5.2333921667013783e-04
9.4566153846153844e-01    5.3411822227205294e+03    5.3851906159252394e-04
9.4569230769230761e-01    5.2524051513304394e+03    5.5521014292025939e-04
9.4572307692307689e-01    5.1949834464129863e+03    5.7327968170284294e-04
9.4575384615384606e-01    5.1360700145443188e+03    5.9260082070977660e-04
9.4578461538461533e-01    5.0585583781915129e+03    6.1305448889470426e-04
9.4581538461538461e-01    4.9563574592992009e+03    6.3453045913774986e-04
9.4584615384615378e-01    4.3988286823768594e+03    6.5692779207893182e-04
9.4587692307692306e-01    4.0538471118766543e+03    6.8015477791050216e-04
9.4590769230769223e-01    3.8743815970479677e+03    7.0412867808045121e-04
9.4593846153846151e-01    3.7927532638650468e+03    7.2877516322478186e-04
9.4596923076923067e-01    3.7570634374626152e+03    7.5402767015475547e-04
9.4599999999999995e-01    3.7346822364533541e+03    7.7982673519727541e-04
