# eps= 0.007577885551183998, n_shot= 2048, n_iter=30, n_sample=2000
2.0  5.1391161500283555e-01
4.0  3.9378001184757494e-01
6.0  2.8431810560222814e-01
8.0  1.5415185250601660e-01
10.0  1.0800825854787544e-01
20.0  7.5847003198540541e-02
30.0  5.4998799010186339e-02
40.0  5.1535249791412774e-02
50.0  4.0538660288392592e-02
60.0  3.1214818066215955e-02
70.0  3.4356928508295859e-02
80.0  2.7029703919954073e-02
90.0  3.1322312906555183e-02
100.0  1.7460591428852368e-02
200.0  1.4790121981357096e-02
300.0  1.2667458190677827e-02
400.0  8.3696156475303596e-03
500.0  1.0207792609080002e-02
600.0  6.2503764039627541e-03
700.0  5.8384311152526180e-03
800.0  7.7615427927248959e-03
900.0  5.5245020817018542e-03
1000.0  6.5455469285149448e-03
2000.0  3.8794751552115869e-03
3000.0  2.7061848017897461e-03
4000.0  1.8329699597678939e-03
5000.0  2.2483994574669097e-03
