# n_sample= 2000, n_shot= 2048, n_iter= 30, n_sample= 2000
1.4512294508868526  8.1255813882305539e-01
2.770528951693082  4.3753636931715079e-01
5.409127953305542  2.0911583473030504e-01
10.68632595653046  1.1542102102328933e-01
25.462480365560232  4.2239767048676491e-02
49.20987138007237  2.3095330547922011e-02
95.9130737086129  1.0702940589752075e-02
187.208599164404  5.7016107434426644e-03
454.7625379279074  2.3185120790669700e-03
891.1868127946082  9.8846926429008164e-04
1747.9399086181738  5.0214444683494008e-04
