# time_max= 520, n_shot= 2048, n_iter=30, n_sample=10240
2.0  1.3390757169523650e+00
4.0  1.8903814936875671e+00
6.0  1.0388220883649923e+00
8.0  5.9699983867818618e-01
10.0  1.7065512968979006e+00
20.0  5.9763448013418052e-01
30.0  4.2808375420357181e-01
40.0  1.8938197969605994e-01
50.0  5.7820062736160090e-02
75.0  1.8000437444941994e-01
100.0  1.8471098273796127e-01
200.0  1.2153624142492048e-01
300.0  7.0941297548906421e-02
400.0  4.2288356231917304e-02
500.0  2.9025465577772563e-02
1000.0  8.4416716527720460e-03
2000.0  5.1165635139239175e-03
3000.0  4.8152503589610970e-03
4000.0  4.2356583700670358e-03
