5.0000000000000000e-01    6.7255018681394510e-02
1.0000000000000000e+00    6.5734490595117531e-02
1.5000000000000000e+00    6.4762075957858170e-02
2.5000000000000000e+00    6.4733613509589713e-02
3.5000000000000000e+00    6.4825430201474257e-02
5.0000000000000000e+00    6.4948272706966709e-02
7.5000000000000000e+00    6.5139234974240817e-02
1.1000000000000000e+01    6.5410496505052332e-02
1.6000000000000000e+01    6.5911755274934355e-02
2.3000000000000000e+01    6.6878627918004335e-02
3.4000000000000000e+01    6.8978108862327664e-02
5.0000000000000000e+01    7.3161049290272270e-02
7.3500000000000000e+01    8.1114461991198802e-02
1.0800000000000000e+02    9.4701732190064100e-02
1.5850000000000000e+02    1.1477256660622286e-01
2.3250000000000000e+02    1.4065141166352929e-01
3.4150000000000000e+02    1.7008562582515546e-01
5.0150000000000000e+02    2.0885716071412422e-01
7.3600000000000000e+02    2.8240187495840496e-01
1.0805000000000000e+03    3.8195895814330832e-01
1.5865000000000000e+03    4.9883212579217895e-01
2.3290000000000000e+03    5.9058792605399002e-01
3.4190000000000000e+03    7.0673308269817881e-01
5.0190000000000000e+03    8.2135083333445658e-01
7.3680000000000000e+03    9.1683049319464061e-01
1.0816500000000000e+04    9.7206883136958722e-01
1.5879000000000000e+04    9.9046602217634727e-01
2.3311000000000000e+04    9.9513171725539618e-01
3.4221000000000000e+04    9.9783143745935510e-01
5.0237500000000000e+04    9.9754723466995709e-01
7.3750000000000000e+04    9.9967338696672747e-01
