# n_sample= 1800, n_shot= 2048, n_iter= 30, n_sample= 1800
1.4512294508868526  8.2159254290231609e-01
2.770528951693082  4.3852255480270524e-01
5.409127953305542  2.0690903616581474e-01
10.68632595653046  1.1443649136149565e-01
25.462480365560232  4.2292588444659468e-02
49.20987138007237  2.4005415553815013e-02
95.9130737086129  1.0597004339492243e-02
187.208599164404  5.9501013444799074e-03
454.7625379279074  2.2613701244243185e-03
891.1868127946082  1.0313816713749683e-03
1747.9399086181738  5.2602164645998428e-04
