# eps= 0.007577885551183998, n_shot= 2048, n_iter=30, n_sample=1800
12.0  1.1947515738459942e-01
30.0  6.0088038458241698e-02
48.0  3.3851561580076607e-02
64.0  3.2361351156626451e-02
80.0  3.2502284085052340e-02
100.0  2.3541976984389913e-02
130.0  2.0270428461351860e-02
164.0  2.1877130930174894e-02
248.0  1.3856164717793718e-02
330.0  8.9490978318640547e-03
412.0  8.4102045709821081e-03
500.0  7.3577401521777537e-03
580.0  7.0231037538157183e-03
664.0  7.0044217262684502e-03
748.0  7.2437252583576438e-03
830.0  5.4027392128866165e-03
2000.0  4.1044425529347473e-03
3000.0  2.7159811287973254e-03
4000.0  2.0788485826136534e-03
5000.0  2.2141990525903488e-03
