# time_max = 80, n_shot= 2048, n_iter=30
1  5.8274603291573834e+00
5  5.4273207934383916e-01
10  1.0381578441865559e-01
20  5.5179390592344106e-02
40  2.5019874150268056e-02
60  2.9693470669083524e-02
80  2.6077995718480369e-02
100  2.4169327342729863e-02
200  1.9502070909519387e-02
400  1.1614179557952724e-02
600  8.6268277970710985e-03
800  8.0005420967057730e-03
1000  6.4709733461112565e-03
2000  7.4344796294026566e-03
3000  4.9663333096122879e-03
4000  5.9852351477569701e-03
5000  4.4346277509350910e-03
