# n_sample_total= 18900, n_shot= 2048, n_iter= 30
5.145268053144309  4.5081155055380046e-02
6.464567553950542  3.8758030555509096e-02
9.103166555563009  9.1334537031372495e-03
14.38036455878794  3.9462175883250468e-03
24.934760565237806  6.5365374189641173e-04
46.043552578137536  4.2175689532403006e-03
88.26113660393699  9.1397939205025563e-04
172.6963046555359  4.0754212702761108e-05
341.56664075873374  6.4698190041705798e-05
679.3073129651294  2.2042919045382371e-04
1354.7886573779208  4.6038110073728109e-05
