# time_max= 80, n_shot= 2048, n_iter=30, n_sample=75000
2.0  1.4549546928288752e+00
4.0  6.1422296030865708e-01
6.0  4.5169460938666700e-01
8.0  3.5225813233464126e-01
10.0  4.2156503679294038e-01
20.0  3.6725550257794098e-01
30.0  1.5193651556889723e-01
40.0  8.2000117286736368e-02
50.0  5.0787600089406547e-02
60.0  3.3303139596408737e-02
70.0  2.4149752458226904e-02
80.0  1.5214732378133125e-02
90.0  1.3112127688221054e-02
100.0  1.0986949876305000e-02
200.0  4.9507865328717541e-03
300.0  4.9837156628144775e-03
400.0  3.6574995199796369e-03
500.0  4.1310963992844223e-03
