0.0000000000000000e+00    0.0000000000000000e+00
1.0000000000000000e-02    3.7736191014231084e-05
2.0000000000000000e-02    7.9480207834146518e-05
2.9999999999999999e-02    1.2502738304857229e-04
4.0000000000000001e-02    1.7417304924633435e-04
5.0000000000000003e-02    2.2671253901625866e-04
5.9999999999999998e-02    2.8244118494717121e-04
7.0000000000000007e-02    3.4115431962789791e-04
8.0000000000000002e-02    4.0264727564726468e-04
9.0000000000000011e-02    4.6671538559409775e-04
1.0000000000000001e-01    5.3315398205722273e-04
1.1000000000000000e-01    6.0175839762546585e-04
1.2000000000000000e-01    6.7232396488765291e-04
1.3000000000000000e-01    7.4464601643260990e-04
1.4000000000000001e-01    8.1904483053689588e-04
1.5000000000000002e-01    8.9907113833853853e-04
1.6000000000000000e-01    9.8497053547706866e-04
1.7000000000000001e-01    1.0761852725995572e-03
1.8000000000000002e-01    1.1721576003530740e-03
1.9000000000000003e-01    1.2723297693846899e-03
2.0000000000000001e-01    1.3761440303414749e-03
2.1000000000000002e-01    1.4830426338705001e-03
2.2000000000000000e-01    1.5924678306188352e-03
2.3000000000000001e-01    1.7038618712335509e-03
2.3999999999999999e-01    1.8166670063617179e-03
2.5000000000000000e-01    1.9303254866504061e-03
2.6000000000000001e-01    2.0442795627466865e-03
2.7000000000000002e-01    2.1580903712515344e-03
2.8000000000000003e-01    2.2729731325753025e-03
2.9000000000000004e-01    2.3895413890415241e-03
3.0000000000000004e-01    2.5079857020032033e-03
3.1000000000000000e-01    2.6284966328133461e-03
3.2000000000000001e-01    2.7512647428249572e-03
3.3000000000000007e-01    2.8764805933910423e-03
3.4000000000000002e-01    3.0043347458646049e-03
3.5000000000000003e-01    3.1350177615986513e-03
3.6000000000000004e-01    3.2687202019461860e-03
3.7000000000000005e-01    3.4056326282602143e-03
3.8000000000000006e-01    3.5459456018937414e-03
3.9000000000000001e-01    3.6898496841997717e-03
4.0000000000000002e-01    3.8374813149219832e-03
4.1000000000000003e-01    3.9854768479146204e-03
4.2000000000000004e-01    4.1327980835530699e-03
4.2999999999999999e-01    4.2809150424534701e-03
4.4000000000000000e-01    4.4312977452319584e-03
4.5000000000000001e-01    4.5854162125046711e-03
4.6000000000000002e-01    4.7447404648877436e-03
4.7000000000000003e-01    4.9107405229973150e-03
4.7999999999999998e-01    5.0848864074495214e-03
4.8999999999999999e-01    5.2686481388604994e-03
5.0000000000000000e-01    5.4634957378463869e-03
5.1000000000000001e-01    5.6708992250233195e-03
5.2000000000000002e-01    5.8923286210074352e-03
5.3000000000000003e-01    6.1292539464148713e-03
5.4000000000000004e-01    6.3845135840273045e-03
5.5000000000000004e-01    6.6630936592063233e-03
5.6000000000000005e-01    6.9657730380899147e-03
5.7000000000000006e-01    7.2930626383786393e-03
5.8000000000000007e-01    7.6454733777730627e-03
5.9000000000000008e-01    8.0235161739737448e-03
6.0000000000000009e-01    8.4277019446812561e-03
6.0999999999999999e-01    8.8585416075961515e-03
6.2000000000000000e-01    9.3165460804189998e-03
6.3000000000000000e-01    9.8022262808503628e-03
6.4000000000000001e-01    1.0316093126590804e-02
6.5000000000000002e-01    1.0858657535340885e-02
6.6000000000000014e-01    1.1430430424801174e-02
6.7000000000000015e-01    1.2031922712672229e-02
6.8000000000000005e-01    1.2665460129534701e-02
6.9000000000000006e-01    1.3339170233745102e-02
7.0000000000000007e-01    1.4062106751063144e-02
7.1000000000000008e-01    1.4843321895373747e-02
7.2000000000000008e-01    1.5691867880561830e-02
7.3000000000000009e-01    1.6616796920512312e-02
7.4000000000000010e-01    1.7627161229110108e-02
7.5000000000000011e-01    1.8732013020240138e-02
7.6000000000000012e-01    1.9940404507787321e-02
7.7000000000000002e-01    2.1261387905636579e-02
7.8000000000000003e-01    2.2704015427672825e-02
7.9000000000000004e-01    2.4277339287780982e-02
8.0000000000000004e-01    2.5990411699845964e-02
8.1000000000000005e-01    2.7852313827359806e-02
8.2000000000000006e-01    2.9896586118304959e-02
8.3000000000000007e-01    3.2222705038371949e-02
8.4000000000000008e-01    3.4940906845111572e-02
8.5000000000000009e-01    3.8161427796074641e-02
8.5999999999999999e-01    4.1994504148811958e-02
8.7000000000000000e-01    4.6550372160874327e-02
8.8000000000000000e-01    5.1939268089812557e-02
8.9000000000000001e-01    5.8271428193177432e-02
9.0000000000000002e-01    6.5657088728519789e-02
9.1000000000000003e-01    7.4206485953390383e-02
9.2000000000000004e-01    8.4029856125340072e-02
9.3000000000000005e-01    9.5237435501919626e-02
9.4000000000000006e-01    1.0793946034067987e-01
9.5000000000000007e-01    1.2239789775131985e-01
9.5999999999999996e-01    1.9208438898742133e-01
9.6999999999999997e-01    3.4159660058667374e-01
9.7999999999999998e-01    5.4402577679274344e-01
9.8999999999999999e-01    7.7246316184929664e-01
1.0000000000000000e+00    9.9999999999999989e-01
