# eps= 0.0034974056801631227, n_shot= 2048, n_iter=30, n_sample=2000
2.0  1.0574717565965923e+00
4.0  6.3326579959127283e-01
6.0  4.3893495521510034e-01
8.0  3.2077769447182936e-01
10.0  2.8184243616522742e-01
20.0  1.8964378106547042e-01
30.0  1.2437511721889803e-01
40.0  8.8460964969824349e-02
50.0  7.0223997789535392e-02
60.0  7.4853289365567358e-02
70.0  5.8218465047594849e-02
80.0  4.8953113642842418e-02
90.0  5.5143355082080701e-02
100.0  4.3768501134154175e-02
200.0  2.8951286504269192e-02
300.0  2.0539892599521655e-02
400.0  1.7725122409514901e-02
500.0  1.5944925614448262e-02
600.0  1.5300573211131289e-02
700.0  1.2434262222225930e-02
800.0  1.3007437264727291e-02
900.0  1.1201182395447162e-02
1000.0  2.5404622969417889e-01
2000.0  6.2139051125186025e-03
3000.0  4.9310584517501845e-03
4000.0  2.4797673500998865e-01
5000.0  3.2743855368114081e-03
10000.0  2.0888925319115497e-03
