# beta = 4.2, n_shot= 2048, n_iter=30
30  6.9901009349327903e-01
60  2.7708948416011014e+00
120  5.1511864560910992e-01
180  2.4154121823470501e-01
240  2.7306753526263577e-01
480  8.5080721214738841e-01
960  4.6567924908839826e-02
1920  3.2042300332581659e-02
3840  2.1650253559132436e-02
7680  1.8520025130686690e-02
15360  7.4497816766873138e-03
30720  6.3200690996415192e-03
61440  6.0582714519377134e-03
122880  4.8500211539605452e-03
245760  3.2302880480821489e-03
491520  2.9942161553959084e-03
