# eps= 0.003473237517326805, n_shot= 2048, n_iter=30, n_sample=2000
2.0  7.8549128819688974e-01
4.0  3.5560414130827905e-01
6.0  3.2320240961807634e-01
8.0  2.1420899681239286e-01
10.0  1.2341358826317321e-01
20.0  1.0887036640255245e-01
30.0  8.0581151585490271e-02
40.0  6.6731191650067537e-02
50.0  6.4943667991435264e-02
60.0  6.8601808138927467e-02
70.0  5.8586079456768657e-02
80.0  3.6540644750925048e-02
90.0  4.4422971491059352e-02
100.0  3.7487934335622579e-02
200.0  2.2133884126168426e-02
300.0  1.8728105739873987e-02
400.0  9.5520196142640582e-02
500.0  1.3898058318340982e-02
600.0  1.1183540038589908e-02
700.0  9.0526471432088584e-03
800.0  9.6685251551582134e-03
900.0  7.3834363509993990e-03
1000.0  7.1091834188787102e-03
2000.0  1.2566135369389073e-01
3000.0  2.8438698496499864e-03
4000.0  3.2078456371191183e-03
5000.0  3.1781199910206224e-03
10000.0  1.7630232614546178e-03
