# eps= 0.003473237517326805, n_shot= 2048, n_iter=30, n_sample=2000
2.0  5.3792056996615190e-01
4.0  2.0419226767198834e-01
6.0  1.6461671661211294e-01
8.0  1.0906725837915907e-01
10.0  1.2813404366789841e-01
20.0  7.0676915229333781e-02
30.0  5.8675331048471155e-02
40.0  4.5409345748288858e-02
50.0  3.2392606797509535e-02
60.0  4.1204396115526683e-02
70.0  2.7841678983456988e-02
80.0  3.1648783297764993e-02
90.0  2.3139971238620483e-02
100.0  2.4893313962749925e-02
200.0  1.3284668732251544e-02
300.0  1.3956142841372098e-02
400.0  9.3325789142493076e-03
500.0  8.2031625483242714e-03
600.0  6.9342125658031625e-03
700.0  7.0901291776393075e-03
800.0  5.4536860695948873e-03
900.0  4.8244140053717759e-03
1000.0  5.8835780700947637e-03
2000.0  2.6485595078388140e-03
3000.0  1.8551634625422271e-03
4000.0  1.8761526942134546e-03
5000.0  1.7399456950727792e-03
10000.0  1.4111746846433941e-03
