5.0000000000000000e-01    6.7441424172920816e-02
1.0000000000000000e+00    6.4724146444473371e-02
1.5000000000000000e+00    6.4738510750162084e-02
2.5000000000000000e+00    6.4882997458295094e-02
3.5000000000000000e+00    6.4994044908643689e-02
5.0000000000000000e+00    6.5136153910900885e-02
7.5000000000000000e+00    6.5303136181776938e-02
1.1000000000000000e+01    6.5709896284182945e-02
1.6000000000000000e+01    6.6509327162123252e-02
2.3000000000000000e+01    6.8021075280738530e-02
3.4000000000000000e+01    7.1104105194032693e-02
5.0000000000000000e+01    7.6453258527079820e-02
7.3500000000000000e+01    8.4580821337774600e-02
1.0800000000000000e+02    9.6169567533249511e-02
1.5850000000000000e+02    1.1376439285939005e-01
2.3250000000000000e+02    1.3720143499363693e-01
3.4150000000000000e+02    1.6548774204656216e-01
5.0150000000000000e+02    1.9978613322737407e-01
7.3600000000000000e+02    2.5483312416111809e-01
1.0805000000000000e+03    3.3907281691089086e-01
1.5865000000000000e+03    4.3928542277420857e-01
2.3290000000000000e+03    5.3654366310342427e-01
3.4190000000000000e+03    6.2276182420229609e-01
5.0190000000000000e+03    7.3132064263883378e-01
7.3680000000000000e+03    8.3897780837412017e-01
1.0816500000000000e+04    9.2847394521915072e-01
1.5879000000000000e+04    9.9082773484601350e-01
2.3311000000000000e+04    9.9567977778964567e-01
3.4221000000000000e+04    9.9450487317021652e-01
5.0237500000000000e+04    9.9818686655787703e-01
7.3750000000000000e+04    9.9889171185062420e-01
