# from exact gaussian
0.86154461  2.5925266570875394e-01
1.72308922  1.9011685264619160e-01
2.5846338300000005  1.3576948929318444e-01
3.44617844  1.0110570310927880e-01
4.30772305  7.8473806340173979e-02
5.16926766  6.2132768387774817e-02
6.03081227  4.9176397450027665e-02
6.89235688  3.8425738095310358e-02
7.75390149  2.9457704585790445e-02
8.6154461  2.2095370142587001e-02
9.47699071  1.6204670694865086e-02
10.338535320000002  1.1626720526625611e-02
11.200079930000001  8.1705346583911265e-03
12.06162454  5.6309925293209773e-03
12.923169150000001  3.8105634655440923e-03
13.78471376  2.5346225617584039e-03
14.646258370000002  1.6585120484604587e-03
15.507802980000001  1.0682661652445802e-03
16.36934759  6.7762073840604842e-04
17.2308922  4.2339979389716120e-04
18.09243681  2.6061760345097440e-04
18.95398142  1.5801718798336140e-04
19.81552603  9.4350312085822452e-05
20.677070640000004  5.5456771660189474e-05
21.538615250000003  3.2072145661032891e-05
22.40015986  1.8240001022462593e-05
23.26170447  1.0195131601165031e-05
24.12324908  5.5973177799373275e-06
24.984793690000004  3.0167947455694843e-06
25.846338300000003  1.5953991381323362e-06
26.70788291  8.2747410790062759e-07
27.56942752  4.2075702921806624e-07
28.43097213  2.0968021896550226e-07
29.292516740000003  1.0237999603646131e-07
30.154061350000003  4.8967677912514773e-08
31.01560596  2.2938533739136346e-08
31.87715057  1.0522650306654668e-08
32.73869518  4.7265409364172228e-09
33.60023979  2.0786758980761988e-09
34.4617844  8.9501561717497680e-10
35.323329009999995  3.7727421187128130e-10
36.18487362  1.5568790701081525e-10
37.04641823  6.2895466612644668e-11
37.907962839999996  2.4874324822121707e-11
38.76950745  9.6305186048084579e-12
39.631052059999995  3.6513014833872148e-12
40.49259667  1.3562484468820912e-12
41.35414128  4.9382720135326963e-13
42.21568589  1.7763568394002505e-13
43.0772305  6.3060667798708891e-14
