# beta = 3.0, n_shot= 10000, nmc= 1024
0.0  1.0000000000000000e+00  -1.2806248474865736e+01
0.125  9.9593066406249930e-01  -1.2818613048281188e+01
0.25  9.9264003906250031e-01  -1.2856483373961385e+01
0.375  9.8827558593749987e-01  -1.2922103908150218e+01
0.5  9.8136464843750182e-01  -1.3018907685256675e+01
0.625  9.7235722656249990e-01  -1.3151937739275290e+01
0.75  9.5533007812499871e-01  -1.3329409530970324e+01
0.875  9.0457187499999958e-01  -1.3571092837645098e+01
1.0  7.8143730468749939e-01  -1.3909102299876528e+01
