# from exact gaussian
0.6395983900000001  2.5925266570875394e-01
1.2791967800000001  1.9011685264619160e-01
1.9187951700000003  1.3576948929318444e-01
2.5583935600000003  1.0110570310927880e-01
3.19799195  7.8473806340173979e-02
3.8375903399999998  6.2132768387774817e-02
4.477188730000001  4.9176397450027665e-02
5.116787120000001  3.8425738095310358e-02
5.75638551  2.9457704585790445e-02
6.3959839  2.2095370142587001e-02
7.035582290000001  1.6204670694865086e-02
7.675180680000001  1.1626720526625611e-02
8.314779070000002  8.1705346583911265e-03
8.954377460000002  5.6309925293209773e-03
9.593975850000001  3.8105634655440923e-03
10.233574240000001  2.5346225617584039e-03
10.873172630000001  1.6585120484604587e-03
11.512771020000002  1.0682661652445802e-03
12.15236941  6.7762073840604842e-04
12.7919678  4.2339979389716120e-04
13.43156619  2.6061760345097440e-04
14.071164580000001  1.5801718798336140e-04
14.710762970000001  9.4350312085822452e-05
15.350361360000003  5.5456771660189474e-05
15.989959750000002  3.2072145661032891e-05
16.62955814  1.8240001022462593e-05
17.26915653  1.0195131601165031e-05
17.908754920000003  5.5973177799373275e-06
18.548353310000003  3.0167947455694843e-06
19.187951700000003  1.5953991381323362e-06
19.82755009  8.2747410790062759e-07
20.467148480000002  4.2075702921806624e-07
21.106746870000002  2.0968021896550226e-07
21.746345260000002  1.0237999603646131e-07
22.38594365  4.8967677912514773e-08
23.02554204  2.2938533739136346e-08
23.66514043  1.0522650306654668e-08
24.30473882  4.7265409364172228e-09
24.944337210000004  2.0786758980761988e-09
25.5839356  8.9501561717497680e-10
26.223533989999996  3.7727421187128130e-10
26.86313238  1.5568790701081525e-10
27.50273077  6.2895466612644668e-11
28.142329159999996  2.4874324822121707e-11
28.78192755  9.6305186048084579e-12
29.42152594  3.6513014833872148e-12
30.061124330000002  1.3562484468820912e-12
30.700722719999998  4.9382720135326963e-13
31.34032111  1.7763568394002505e-13
31.9799195  6.3060667798708891e-14
