# beta= 1.6, n_shot= 2048, n_iter= 30, nmc= 16384
6.0  2.3879600568541099e+00
14.0  2.8551005425364224e-02
20.0  1.8596460238927560e-02
28.0  8.1097040611604210e-03
34.0  3.8475344203471392e-03
42.0  1.0326687119070440e-03
56.0  2.2361400550004202e-03
70.0  3.2890916574325859e-03
104.0  3.6067813378352592e-03
140.0  3.3364779474474621e-03
174.0  3.1220950182301384e-03
210.0  3.3029257420269962e-03
244.0  2.7725534406541166e-03
280.0  3.0608918954927234e-03
314.0  2.9103338099124502e-03
350.0  2.8958745031260947e-03
