0.0000000000000000e+00    0.0000000000000000e+00
5.0000000000000003e-02    2.6347842358125328e-04
1.0000000000000001e-01    6.4409042594478492e-04
1.5000000000000002e-01    1.1685923323408848e-03
2.0000000000000001e-01    1.8005236075274123e-03
2.5000000000000000e-01    2.4865150629226817e-03
3.0000000000000004e-01    3.2131673740644511e-03
3.5000000000000003e-01    4.0028702143137139e-03
4.0000000000000002e-01    4.9051698064218538e-03
4.5000000000000001e-01    6.0028110011744592e-03
5.0000000000000000e-01    7.4290183702873016e-03
5.5000000000000004e-01    9.3692861084212539e-03
6.0000000000000009e-01    1.1968035028351559e-02
6.5000000000000002e-01    1.5204349233992449e-02
7.0000000000000007e-01    1.9056443754892089e-02
7.5000000000000000e-01    2.3748358502979447e-02
8.0000000000000004e-01    2.9917613079459046e-02
8.5000000000000009e-01    3.9118741382546528e-02
9.0000000000000002e-01    5.5983320924022778e-02
9.5000000000000007e-01    1.0255477915340912e-01
1.0000000000000000e+00    1.0000000000000002e+00
