# from exact gaussian
1.2829328000000002  2.2945946896619684e-01
2.283620384  1.8968243775282723e-01
3.2843079680000002  1.4546978422104928e-01
4.284995552  1.0898105270502612e-01
5.285683136  8.4341714599355910e-02
6.28637072  6.7179809928644474e-02
7.287058303999999  5.4232688971318055e-02
8.287745888  4.3852462089512656e-02
9.288433472  3.5283591574830631e-02
10.289121055999999  2.8165563356433054e-02
11.28980864  2.2285456212996380e-02
12.290496224  1.7478115973619701e-02
13.291183808000001  1.3594112588203089e-02
14.291871392000001  1.0492837234770569e-02
15.292558976000002  8.0434429015081577e-03
16.29324656  6.1275292802509540e-03
17.293934144  4.6413231394613064e-03
18.294621728000003  3.4965769839363503e-03
19.295309312  2.6201761900237486e-03
20.295996896000002  1.9528133257127323e-03
21.296684480000003  1.4471662032358168e-03
22.297372064  1.0659377221697852e-03
23.298059648000002  7.7999156823249649e-04
24.298747232000004  5.6670705218753170e-04
25.299434816  4.0859746094756844e-04
26.3001224  2.9218814109821523e-04
27.300809984  2.0712567082981082e-04
28.301497568  1.4548006762193921e-04
29.302185152000003  1.0120173521599440e-04
30.302872736  6.9699280862423052e-05
31.30356032  4.7510493136115883e-05
32.304247904  3.2044931328023551e-05
33.304935488000005  2.1381878416271149e-05
34.305623072  1.4111563606533650e-05
35.306310656  9.2106128875002469e-06
36.30699824  5.9448383993299103e-06
37.307685823999996  3.7939711159395983e-06
38.308373408  2.3939931361738331e-06
39.309060992  1.4935009069461103e-06
40.309748576  9.2113942073979160e-07
41.31043616  5.6165501138849550e-07
42.311123744  3.3855397774118501e-07
43.311811328  2.0173979464743752e-07
44.312498912  1.1883738615381390e-07
45.313186496  6.9199930230467999e-08
46.31387408  3.9832985798682330e-08
47.314561664  2.2665140875233192e-08
48.315249248  1.2748119893046805e-08
49.315936832  7.0876078339665582e-09
50.316624416  3.8950478398191990e-09
51.317312  2.1158212959448974e-09
