# beta= 1.6, n_shot= 2048, n_iter= 30, nmc= 16384
12.0  2.2156460890165732e+00
28.0  7.4531466330254537e-01
42.0  1.4276210767449166e-01
60.0  1.5885473802428388e-02
72.0  1.0175460195973299e-02
88.0  5.8940979403733886e-03
120.0  2.8028334850607331e-03
148.0  2.4579573583403420e-03
222.0  1.8358117112457903e-03
300.0  2.1552477412499845e-03
372.0  2.4714659671703386e-03
448.0  2.0710643945443864e-03
522.0  2.4767946286590476e-03
600.0  1.9388217770379393e-03
672.0  1.9544697591322860e-03
748.0  1.9345696803481675e-03
