9.4399999999999995e-01    6.3464290574311766e+04    1.5814581111044390e-03
9.4403076923076923e-01    6.7401858870939774e+04    1.5500279341722489e-03
9.4406153846153840e-01    7.1662172002723717e+04    1.5186665277724387e-03
9.4409230769230768e-01    7.6277920676618174e+04    1.4873779427944100e-03
9.4412307692307684e-01    8.1285763186163254e+04    1.4561665657311096e-03
9.4415384615384612e-01    8.6726560013282578e+04    1.4250371532398276e-03
9.4418461538461529e-01    9.2646558385454526e+04    1.3939948776169331e-03
9.4421538461538457e-01    9.9097594554436495e+04    1.3630453640871565e-03
9.4424615384615385e-01    1.0613797964182438e+05    1.3321947399163037e-03
9.4427692307692301e-01    1.1383363136979543e+05    1.3014496953474008e-03
9.4430769230769229e-01    1.2225899007483693e+05    1.2708175372608821e-03
9.4433846153846146e-01    1.3149836824504088e+05    1.2403062737575965e-03
9.4436923076923074e-01    1.4164706019280409e+05    1.2099246714569745e-03
9.4439999999999991e-01    1.5281344537820717e+05    1.1796823719123495e-03
9.4443076923076918e-01    1.6512059868128478e+05    1.1495899789224495e-03
9.4446153846153846e-01    1.7870829677666328e+05    1.1196591776752030e-03
9.4449230769230763e-01    1.9373575928784939e+05    1.0899028666244703e-03
9.4452307692307691e-01    2.1038429252729483e+05    1.0603353148326278e-03
9.4455384615384608e-01    2.2886041441210767e+05    1.0309723238606239e-03
9.4458461538461536e-01    2.4939937143643296e+05    1.0018314324042876e-03
9.4461538461538452e-01    2.7226899417959503e+05    9.7293213457305683e-04
9.4464615384615380e-01    2.9777389318495744e+05    9.4429613363899989e-04
9.4467692307692308e-01    3.2625986423175049e+05    9.1594763398461509e-04
9.4470769230769225e-01    3.5811838148250140e+05    8.8791366488294443e-04
9.4473846153846153e-01    3.9379086975083617e+05    8.6022445339040132e-04
9.4476923076923069e-01    4.3377232298478897e+05    8.3291384089534404e-04
9.4479999999999997e-01    4.7861358717146842e+05    8.0601975241734181e-04
9.4483076923076914e-01    5.2892129518886609e+05    7.7958471956662834e-04
9.4486153846153842e-01    5.8535382385725959e+05    7.5365644261182752e-04
9.4489230769230770e-01    6.4861237208095379e+05    7.2828843713068636e-04
9.4492307692307687e-01    7.1942176298889541e+05    7.0354066428990336e-04
9.4495384615384614e-01    7.9850495887128729e+05    6.7948028026876273e-04
9.4498461538461531e-01    8.8652014073564264e+05    6.5618210737738991e-04
9.4501538461538459e-01    9.8401678800198471e+05    6.3372955719387392e-04
9.4504615384615376e-01    1.0913261786934836e+06    6.1221496343932813e-04
9.4507692307692304e-01    1.2084380194630963e+06    5.9173981844651280e-04
9.4510769230769220e-01    1.3348529834444837e+06    5.7241491504100850e-04
9.4513846153846148e-01    1.4693986642014524e+06    5.5435973808926065e-04
9.4516923076923076e-01    1.6100461754253309e+06    5.3770136219100095e-04
9.4519999999999993e-01    1.7537526312202744e+06    5.2257252355047967e-04
9.4523076923076921e-01    1.8963676985335562e+06    5.0910871505038813e-04
9.4526153846153838e-01    2.0326623511254776e+06    4.9744420721253846e-04
9.4529230769230765e-01    2.1565724890883579e+06    4.8770720513857668e-04
9.4532307692307682e-01    2.2616314834784959e+06    4.8001407230913173e-04
9.4535384615384610e-01    2.3416220532138334e+06    4.7446327971556457e-04
9.4538461538461538e-01    2.3913522655151156e+06    4.7112959418882383e-04
9.4541538461538455e-01    2.4073879017925155e+06    4.7005922078824369e-04
9.4544615384615383e-01    2.3885912806161349e+06    4.7126661138463533e-04
9.4547692307692299e-01    2.3363045421854802e+06    4.7473343238380039e-04
9.4550769230769227e-01    2.2541380122582763e+06    4.8040981801023008e-04
9.4553846153846144e-01    2.1473867961034593e+06    4.8821777636476327e-04
9.4556923076923072e-01    2.0223206895314916e+06    4.9805614980868995e-04
9.4560000000000000e-01    1.8853896741482222e+06    5.0980651394638699e-04
9.4563076923076916e-01    1.7426063443446411e+06    5.2333921667013783e-04
9.4566153846153844e-01    1.5991047144967888e+06    5.3851906159252394e-04
9.4569230769230761e-01    1.4589418156399641e+06    5.5521014292025939e-04
9.4572307692307689e-01    1.3250696685435681e+06    5.7327968170284294e-04
9.4575384615384606e-01    1.1994430501110745e+06    5.9260082070977660e-04
9.4578461538461533e-01    1.0831691900444839e+06    6.1305448889470426e-04
9.4581538461538461e-01    9.7670197583984956e+05    6.3453045913774986e-04
9.4584615384615378e-01    8.8001956716131070e+05    6.5692779207893182e-04
9.4587692307692306e-01    7.9276809359543351e+05    6.8015477791050216e-04
9.4590769230769223e-01    7.1439187315904035e+05    7.0412867808045121e-04
9.4593846153846151e-01    6.4421953748940863e+05    7.2877516322478186e-04
9.4596923076923067e-01    5.8153179820948117e+05    7.5402767015475547e-04
9.4599999999999995e-01    5.2560669941473834e+05    7.7982673519727541e-04
