# time_max= 1860, n_shot= 2048, n_iter=30, n_sample=18850
2.0  2.1148434201092483e+00
4.0  1.9118074565700947e+00
6.0  1.2122742093494498e+00
8.0  8.3020676267323690e-01
10.0  6.3791639196952765e-01
20.0  6.5547610829145175e-01
30.0  1.4951814903117241e-01
40.0  5.4759012952085684e-01
50.0  3.7339262931369976e-01
75.0  5.2781530927310041e-02
100.0  3.4557816673418423e-01
200.0  3.0851838547907479e-02
300.0  1.6164650589550505e-01
400.0  4.1849874627442711e-02
500.0  7.0686835399582010e-02
1000.0  4.4771481706331072e-02
2000.0  1.3482149898063518e-02
3000.0  7.6015619737358981e-03
4000.0  5.1980983578831814e-03
