5.0000000000000000e-01    6.7615495935014328e-02
1.0000000000000000e+00    6.4994247973684596e-02
1.5000000000000000e+00    6.4697065273153220e-02
2.5000000000000000e+00    6.4796320174811239e-02
3.5000000000000000e+00    6.4916590212445988e-02
5.0000000000000000e+00    6.5052076067594722e-02
7.5000000000000000e+00    6.5218226593973971e-02
1.1000000000000000e+01    6.5544205307721926e-02
1.6000000000000000e+01    6.6173864635771157e-02
2.3000000000000000e+01    6.7384589855600793e-02
3.4000000000000000e+01    6.9959670090399675e-02
5.0000000000000000e+01    7.4840949212336194e-02
7.3500000000000000e+01    8.3308713716414018e-02
1.0800000000000000e+02    9.6175711476730916e-02
1.5850000000000000e+02    1.1462091439030730e-01
2.3250000000000000e+02    1.3992090540156105e-01
3.4150000000000000e+02    1.6891107578170386e-01
5.0150000000000000e+02    2.0533518875947404e-01
7.3600000000000000e+02    2.7001254556028836e-01
1.0805000000000000e+03    3.6310297223959054e-01
1.5865000000000000e+03    4.7237821588202111e-01
2.3290000000000000e+03    5.6664936926232257e-01
3.4190000000000000e+03    6.6659090616764749e-01
5.0190000000000000e+03    7.7963863347054119e-01
7.3680000000000000e+03    8.8381097133584230e-01
1.0816500000000000e+04    9.5257928102461797e-01
1.5879000000000000e+04    9.9127533100515852e-01
2.3311000000000000e+04    9.9636944000892547e-01
3.4221000000000000e+04    9.9596840979895618e-01
5.0237500000000000e+04    9.9810119252815344e-01
7.3750000000000000e+04    9.9937984615129039e-01
