# eps= 0.0069943742119379995, n_shot= 2048, n_iter=30, n_sample=2000
2.0  9.6599480128437920e-01
4.0  5.9023187246160413e-01
6.0  4.2308210613590957e-01
8.0  3.1224472609619058e-01
10.0  2.7092807232802502e-01
20.0  1.6219641430275508e-01
30.0  1.2313172744119155e-01
40.0  9.2016790702357076e-02
50.0  8.1551274094128115e-02
60.0  7.5131959090423681e-02
70.0  5.6342351762300187e-02
80.0  5.0883728165734610e-02
90.0  4.9709215655379543e-02
100.0  4.0419524817395330e-02
200.0  2.4084017840928475e-02
300.0  2.1792587266124621e-02
400.0  1.9055060574664988e-02
500.0  1.6379137287811929e-02
600.0  1.2824746288465742e-02
700.0  1.2139461870444871e-02
800.0  9.8394091149183772e-03
900.0  9.7453647283513092e-03
1000.0  8.5233101105092850e-03
2000.0  6.3633141491585832e-03
3000.0  4.1713554134953290e-03
4000.0  4.7946298468190211e-03
5000.0  3.0479100515080405e-03
10000.0  2.7669361905847010e-03
