# time_max= 200, n_shot= 2048, n_iter=30, n_sample=122880
2.0  1.9442755565858452e+00
4.0  7.6188525118616257e-01
6.0  7.8072662106380042e-01
8.0  5.7326121712828970e-01
10.0  6.6065481271811555e-01
20.0  9.5217871422161884e-02
30.0  3.3808311246906880e-01
40.0  1.0115086114824637e-01
50.0  1.5898351411774153e-01
75.0  1.6304672980302981e-01
100.0  8.8390234912918336e-02
200.0  1.9758423492207140e-02
300.0  7.4124668301835490e-03
400.0  3.5998858571828721e-03
500.0  1.6825886794431990e-03
1000.0  2.3145890426950169e-03
2000.0  2.3576663835225900e-03
3000.0  2.7333094262513942e-03
4000.0  2.8225264176716916e-03
