# beta= 3.6, n_shot= 2048, n_iter= 30, nmc= 16384
6.0  2.4129447953261685e+00
12.0  3.9983809037463676e+00
18.0  7.8959940358973038e+00
24.0  1.3373836116154547e+00
30.0  2.2727869510416826e-01
36.0  1.7205780730072787e-01
48.0  5.2944008917837238e-02
60.0  5.0769547839665981e-02
90.0  1.0891982992009256e-02
120.0  1.2907890953995367e-02
150.0  1.4439943293107937e-02
180.0  1.8837814878359952e-02
210.0  1.6309163836193127e-02
240.0  1.5821027448271015e-02
270.0  1.3654270379719098e-02
300.0  1.3024755278513626e-02
