# beta = 3.6, n_shot= 2048, n_iter=30
32768  1.9295193535796533e+00
65536  7.8120983829472734e-01
131072  4.9990668819068840e-01
196608  3.3052943489359937e-01
262144  1.6961600774378069e-01
524288  1.5220404256431533e-01
1048576  8.2971269765776096e-02
2097152  4.7286623638876257e-02
4194304  5.1557905357765617e-02
8388608  3.3827635487332350e-02
16777216  2.2470166511162050e-02
33554432  1.5798946455591434e-02
67108864  1.2451893591371466e-02
134217728  8.2031068927262748e-03
268435456  5.6019491107707729e-03
536870912  4.5008550563280158e-03
