# from exact gaussian
0.480394  6.8928025889576361e-02
0.8551013199999999  5.2549453049397954e-02
1.22980864  4.6015339883226147e-02
1.6045159599999999  4.4978410764363375e-02
1.97922328  4.4345996760448259e-02
2.3539306  4.3623604432040608e-02
2.7286379199999997  4.2791068422127765e-02
3.10334524  4.1854019330132886e-02
3.4780525599999996  4.0819552892818578e-02
3.85275988  3.9695436023389874e-02
4.2274671999999995  3.8490008901478134e-02
4.602174519999999  3.7212091382976098e-02
4.97688184  3.5870883910208207e-02
5.3515891600000005  3.4475864151369606e-02
5.72629648  3.3036680830200282e-02
6.1010038  3.1563046329257105e-02
6.475711120000001  3.0064629742458493e-02
6.85041844  2.8550952107684324e-02
7.22512576  2.7031285561401219e-02
7.59983308  2.5514558119684949e-02
7.9745404  2.4009265701172566e-02
8.34924772  2.2523392867547898e-02
8.72395504  2.1064343568532706e-02
9.09866236  1.9638882946885872e-02
9.47336968  1.8253090992219612e-02
9.848076999999998  1.6912328540584554e-02
10.22278432  1.5621215810927680e-02
10.59749164  1.4383623362038023e-02
10.97219896  1.3202675056373181e-02
11.34690628  1.2080762341609486e-02
11.7216136  1.1019568917124190e-02
12.09632092  1.0020104648891248e-02
12.47102824  9.0827474382866313e-03
12.84573556  8.2072916416020547e-03
13.22044288  7.3930015785670378e-03
13.5951502  6.6386686581161314e-03
13.96985752  5.9426706849663447e-03
14.34456484  5.3030319855693620e-03
14.71927216  4.7174831004497264e-03
15.09397948  4.1835189246022253e-03
15.4686868  3.6984543307898576e-03
15.84339412  3.2594764748008487e-03
16.218101439999998  2.8636931502159513e-03
16.59280876  2.5081767265646704e-03
16.96751608  2.1900033634008054e-03
17.342223399999998  1.9062873401693992e-03
17.71693072  1.6542104737400365e-03
18.09163804  1.4310467105644875e-03
18.46634536  1.2341820772245882e-03
18.84105268  1.0611302513847676e-03
19.21576  9.0954407493448741e-04
