0.0000000000000000e+00    0.0000000000000000e+00
5.0000000000000003e-02    4.2920182817279427e-04
1.0000000000000001e-01    8.1047495381301148e-04
1.5000000000000002e-01    1.1721010073428000e-03
2.0000000000000001e-01    1.5264192419577605e-03
2.5000000000000000e-01    1.8813121830430128e-03
3.0000000000000004e-01    2.2433021579700394e-03
3.5000000000000003e-01    2.6188375668307652e-03
4.0000000000000002e-01    3.0151112681680568e-03
4.5000000000000001e-01    3.4408449950049679e-03
5.0000000000000000e-01    3.9072913274380136e-03
5.5000000000000004e-01    4.4297220280055706e-03
6.0000000000000009e-01    5.0299019295108761e-03
6.5000000000000002e-01    5.7404289576404024e-03
7.0000000000000007e-01    6.6130905859974557e-03
7.5000000000000000e-01    7.7364924804816694e-03
8.0000000000000004e-01    9.2784519933528341e-03
8.5000000000000009e-01    1.1608372345787281e-02
9.0000000000000002e-01    1.5774981924268308e-02
9.5000000000000007e-01    2.6870310001354022e-02
1.0000000000000000e+00    1.0000000000000002e+00
