0.0000000000000000e+00    0.0000000000000000e+00
5.0000000000000003e-02    4.6781312959240612e-04
1.0000000000000001e-01    8.8695464679442750e-04
1.5000000000000002e-01    1.2875958945491764e-03
2.0000000000000001e-01    1.6831518584150165e-03
2.5000000000000000e-01    2.0826653472991461e-03
3.0000000000000004e-01    2.4941081366967959e-03
3.5000000000000003e-01    2.9258183199150543e-03
4.0000000000000002e-01    3.3875213697069236e-03
4.5000000000000001e-01    3.8914224394827474e-03
5.0000000000000000e-01    4.4537060052949155e-03
5.5000000000000004e-01    5.0968510042504831e-03
6.0000000000000009e-01    5.8535585922015829e-03
6.5000000000000002e-01    6.7738640793568797e-03
7.0000000000000007e-01    7.9391942155493216e-03
7.5000000000000000e-01    9.4932337689100053e-03
8.0000000000000004e-01    1.1719730290677115e-02
8.5000000000000009e-01    1.5284386960803342e-02
9.0000000000000002e-01    2.2274315610252941e-02
9.5000000000000007e-01    4.4281861531222370e-02
1.0000000000000000e+00    1.0000000000000004e+00
