# from exact gaussian
1.2829328000000002  2.4015372058689621e-01
2.5658656000000004  1.5188002872603690e-01
3.8487984000000006  1.3832730021593065e-01
5.131731200000001  1.3346448354480955e-01
6.414664  1.2871944795874768e-01
7.6975967999999995  1.2333989713904003e-01
8.9805296  1.1741592619630126e-01
10.263462400000002  1.1109831233127920e-01
11.546395200000001  1.0453235569826802e-01
12.829328  9.7850894882544281e-02
14.112260800000001  9.1171530742407469e-02
15.395193600000002  8.4595007536375277e-02
16.678126400000004  7.8204415844165709e-02
17.9610592  7.2065126998015927e-02
19.243992000000002  6.6225439339859804e-02
20.526924800000003  6.0717885257524529e-02
21.809857600000004  5.5561072274361578e-02
23.092790400000005  5.0761867978955877e-02
24.375723200000003  4.6317716639755702e-02
25.658656  4.2218895978095361e-02
26.9415888  3.8450570571573195e-02
28.224521600000003  3.4994555251216752e-02
29.507454400000004  3.1830753640882392e-02
30.790387200000005  2.8938276388966955e-02
32.07332000000001  2.6296269001345962e-02
33.3562528  2.3884492246367017e-02
34.639185600000005  2.1683702016762396e-02
35.9221184  1.9675873538581357e-02
37.20505120000001  1.7844309589889917e-02
38.487984000000004  1.6173665850999441e-02
39.7709168  1.4649919869881955e-02
41.05384960000001  1.3260304064921513e-02
42.336782400000004  1.1993217999904715e-02
43.61971520000001  1.0838130922611100e-02
44.902648000000006  9.7854822018561549e-03
46.185580800000004  8.8265847148889520e-03
47.4685136  7.9535342998688918e-03
48.751446400000006  7.1591269722510731e-03
50.034379200000004  6.4367846010355834e-03
51.317312  5.7804890583419422e-03
52.6002448  5.1847244176990159e-03
53.8831776  4.6444265208052116e-03
55.1661104  4.1549391088864240e-03
56.44904319999999  3.7119756834407269e-03
57.731976  3.3115862907244775e-03
59.01490879999999  2.9501284901449765e-03
60.297841600000005  2.6242418514463850e-03
61.580774399999996  2.3308254159033481e-03
62.86370720000001  2.0670176448795985e-03
64.14664  1.8301784591550074e-03
