# beta= 2.6, n_shot= 2048, n_iter= 30, nmc= 16384
12.0  1.6796231554187924e+00
28.0  1.6573345748827970e+00
42.0  2.3391608051297452e+00
60.0  1.1308906232558030e+01
72.0  1.8190340601147486e+00
88.0  1.2669153954848611e+00
120.0  3.1545468579270625e-01
148.0  6.1209828608721810e-02
222.0  9.6219965841926342e-03
300.0  6.1116731591965255e-03
372.0  5.3118273631233967e-03
448.0  5.6543083498658223e-03
522.0  4.6929640587655662e-03
600.0  4.7782859472960716e-03
672.0  4.1437669106765421e-03
748.0  3.8471451377272222e-03
