# from exact gaussian
1.2829328000000002  7.5993048306413513e-02
2.283620384  5.0126115504594893e-02
3.2843079680000002  4.3780709889883695e-02
4.284995552  4.1980317544092927e-02
5.285683136  4.0763866081631406e-02
6.28637072  3.9471615713958741e-02
7.287058303999999  3.8022335447550404e-02
8.287745888  3.6427731810666941e-02
9.288433472  3.4711743995677224e-02
10.289121055999999  3.2900265094111703e-02
11.28980864  3.1019713609884647e-02
12.290496224  2.9096285518344089e-02
13.291183808000001  2.7155259582979596e-02
14.291871392000001  2.5220361919185308e-02
15.292558976000002  2.3313223124604932e-02
16.29324656  2.1452954459624252e-02
17.293934144  1.9655859111912477e-02
18.294621728000003  1.7935283016392134e-02
19.295309312  1.6301598694452579e-02
20.295996896000002  1.4762306487520860e-02
21.296684480000003  1.3322231252246297e-02
22.297372064  1.1983789351498686e-02
23.298059648000002  1.0747300407807359e-02
24.298747232000004  9.6113202218077731e-03
25.299434816  8.5729747615843621e-03
26.3001224  7.6282794516622232e-03
27.300809984  6.7724324883950970e-03
28.301497568  6.0000751027686761e-03
29.302185152000003  5.3055152821155360e-03
30.302872736  4.6829143091891012e-03
31.30356032  4.1264375646328233e-03
32.304247904  3.6303724330331022e-03
33.304935488000005  3.1892169645093560e-03
34.305623072  2.7977433004640062e-03
35.306310656  2.4510398965347235e-03
36.30699824  2.1445363758196834e-03
37.307685823999996  1.8740145084148452e-03
38.308373408  1.6356084060511478e-03
39.309060992  1.4257965897765956e-03
40.309748576  1.2413881675357175e-03
41.31043616  1.0795049648901767e-03
42.311123744  9.3756109845166691e-04
43.311811328  8.1324117078196423e-04
44.312498912  7.0447799898687435e-04
45.313186496  6.0943056423745645e-04
46.31387408  5.2646268263956131e-04
47.314561664  4.5412274540979070e-04
48.315249248  3.9112475345604025e-04
49.315936832  3.3633077470618389e-04
50.316624416  2.8873487739389248e-04
51.317312  2.4744853608993367e-04
