# beta = 2.6, n_shot= 2048, n_iter=30
180224  7.7979375439077436e-01
360448  7.2400416523814137e-01
720896  2.2696525335267193e-01
1081344  2.1846635110054755e-01
1441792  9.4907166680638075e-02
2883584  4.8330192376494926e-02
5767168  2.9828923569355521e-02
11534336  2.6488753917491909e-02
23068672  1.9126817681205270e-02
46137344  1.0544098936371071e-02
92274688  9.2396585437079775e-03
184549376  5.9674234816920208e-03
369098752  4.7014007758870470e-03
738197504  4.5568492487599128e-03
1476395008  3.5320110595491155e-03
2952790016  2.9081430394412538e-03
