# from exact gaussian
1.0775468000000001  2.3177249373561537e-01
1.918033304  1.9307006106066282e-01
2.758519808  1.5367845369283906e-01
3.5990063119999998  1.1688533752566244e-01
4.4394928160000005  9.1021006271502003e-02
5.27997932  7.3042392025361558e-02
6.120465823999999  5.9584360044131479e-02
6.960952328  4.8786414721799787e-02
7.801438832  3.9777335686582482e-02
8.641925336  3.2163674724412061e-02
9.48241184  2.5745613374485998e-02
10.322898344  2.0389456594635647e-02
11.163384848  1.5978600025182921e-02
12.003871352  1.2397850825287549e-02
12.844357856000002  9.5314303319984361e-03
13.68484436  7.2663600202105272e-03
14.525330864  5.4970474383795320e-03
15.365817368000002  4.1289164942925893e-03
16.206303872  3.0803335547560096e-03
17.046790376  2.2829405880937514e-03
17.88727688  1.6808611971601550e-03
18.727763384  1.2292768867041559e-03
19.568249888  8.9276244416058859e-04
20.408736392  6.4363380191867492e-04
21.249222896  4.6044796237065810e-04
22.089709399999997  3.2671461856903505e-04
22.930195904  2.2982963193740602e-04
23.770682408  1.6021377121511193e-04
24.611168912000004  1.1062845441145441e-04
25.451655416  7.5637627986679945e-05
26.29214192  5.1187088116577684e-05
27.132628424000004  3.4276735419780380e-05
27.973114928  2.2705843847781182e-05
28.813601432  1.4875600999886274e-05
29.654087936000003  9.6366290414096056e-06
30.49457444  6.1718950012945584e-06
31.335060944  3.9074724975662889e-06
32.175547448  2.4451700939565058e-06
33.016033952  1.5122323633320889e-06
33.856520456  9.2425575459742504e-07
34.69700696  5.5821798294886094e-07
35.537493464  3.3314411584939307e-07
36.377979968  1.9645341886587175e-07
37.218466472  1.1446471059883834e-07
38.058952976  6.5895537915139357e-08
38.89943948  3.7480242909282424e-08
39.739925984  2.1062105837188483e-08
40.580412488  1.1693548351843219e-08
41.420898992  6.4139999977896878e-09
42.261385496  3.4757086098125001e-09
43.101872  1.8607320129149230e-09
