# beta= 1.6, n_shot= 2048, n_iter= 30, nmc= 16384
10.0  2.0665453702775154e+00
22.0  1.8761110470084870e+00
36.0  3.5217955668462982e-02
46.0  1.6392006278307423e-02
58.0  7.0983811612140178e-03
72.0  5.0565819880953695e-03
94.0  2.9618570062933595e-03
118.0  2.2442813795561455e-03
178.0  2.4008958374043782e-03
238.0  3.0581337352630317e-03
298.0  3.1246463697965393e-03
358.0  2.7479944679550468e-03
418.0  2.5504340681827388e-03
478.0  2.9462668397581084e-03
540.0  2.6515755314267865e-03
598.0  2.7018536530749888e-03
