# beta= 1.6, n_shot= 2048, n_iter= 30, nmc= 16384
12.0  3.3332443490172765e+00
28.0  4.3444821149240315e-01
42.0  6.2113860684816689e-02
60.0  1.8494525722760950e-02
72.0  8.9447440664994111e-03
88.0  5.9457190886820811e-03
120.0  2.4549988312244273e-03
148.0  1.7506080557120700e-03
222.0  1.7829006097322816e-03
300.0  2.1310387287449533e-03
372.0  1.7484550353301506e-03
448.0  2.0567000062607773e-03
522.0  1.7475262307833658e-03
600.0  2.4690938851298877e-03
672.0  2.0424869330871215e-03
748.0  1.8700557665620879e-03
