# beta= 1.6, n_shot= 2048, n_iter= 30, nmc= 16384
20.0  7.5879429643009244e-01
40.0  3.4787233527356062e-02
60.0  9.8320309156102684e-03
80.0  6.7777598831908628e-03
100.0  5.0744001538760427e-03
120.0  4.8046794316554415e-03
160.0  3.2431512778225684e-03
200.0  2.1532562465523598e-03
300.0  2.2156080757265014e-03
400.0  2.1366683872299378e-03
500.0  2.2817616714183586e-03
600.0  2.1371786860834223e-03
700.0  1.8570260265038977e-03
800.0  1.9045196584975166e-03
900.0  1.6389855733482505e-03
1000.0  2.4698921177180051e-03
