5.0000000000000000e-01    6.9791311016825716e-02
1.0000000000000000e+00    6.7212507452804257e-02
1.5000000000000000e+00    6.7647584022592952e-02
2.5000000000000000e+00    6.7200743688856784e-02
3.5000000000000000e+00    6.5830572403172194e-02
5.0000000000000000e+00    6.5766171639403792e-02
7.5000000000000000e+00    6.4873740444566716e-02
1.1000000000000000e+01    6.5050409706729415e-02
1.6000000000000000e+01    6.5276857561370985e-02
2.3000000000000000e+01    6.5698385273546822e-02
3.4000000000000000e+01    6.6593950137050398e-02
5.0000000000000000e+01    6.8423864032259613e-02
7.3500000000000000e+01    7.2197086538851804e-02
1.0800000000000000e+02    7.9701976065024605e-02
1.5850000000000000e+02    9.3499541011214771e-02
2.3250000000000000e+02    1.1433487320573547e-01
3.4150000000000000e+02    1.3603574125207135e-01
5.0150000000000000e+02    1.7166198679556943e-01
7.3600000000000000e+02    2.5715507585775471e-01
1.0805000000000000e+03    3.7266354791034190e-01
1.5865000000000000e+03    4.9031474066786601e-01
2.3290000000000000e+03    5.9185926086084062e-01
3.4190000000000000e+03    7.9653873161482125e-01
5.0190000000000000e+03    9.1366731209442864e-01
7.3680000000000000e+03    9.6288711351079159e-01
1.0816500000000000e+04    9.8394893111487070e-01
1.5879000000000000e+04    9.8240698345088195e-01
2.3311000000000000e+04    9.9189697881751371e-01
3.4221000000000000e+04    9.9233128677680682e-01
5.0237500000000000e+04    9.9896330064054162e-01
7.3750000000000000e+04    9.9906099924244707e-01
