0.0000000000000000e+00    0.0000000000000000e+00
5.0000000000000003e-02    5.6985945956121312e-04
1.0000000000000001e-01    1.0875734352867048e-03
1.5000000000000002e-01    1.5903225136142394e-03
2.0000000000000001e-01    2.0956563845121973e-03
2.5000000000000000e-01    2.6171870929048179e-03
3.0000000000000004e-01    3.1686864073574928e-03
3.5000000000000003e-01    3.7661983121902672e-03
4.0000000000000002e-01    4.4299905197529533e-03
4.5000000000000001e-01    5.1870895931067917e-03
5.0000000000000000e-01    6.0751524545345015e-03
5.5000000000000004e-01    7.1489566771265776e-03
6.0000000000000009e-01    8.4922099029944107e-03
6.5000000000000002e-01    1.0240884873522820e-02
7.0000000000000007e-01    1.2634094292886340e-02
7.5000000000000000e-01    1.6140016657583221e-02
8.0000000000000004e-01    2.1817190867901765e-02
8.5000000000000009e-01    3.2543181208804756e-02
9.0000000000000002e-01    5.8198099211762847e-02
9.5000000000000007e-01    1.4790021888520702e-01
1.0000000000000000e+00    1.0000000000000002e+00
