# beta = 3.0, n_shot= 10000, nmc= 1600
0.0  1.0000000000000000e+00  -1.6007810593582072e+01
0.1  9.9696274999999790e-01  -1.6017777866682295e+01
0.2  9.9452787499999640e-01  -1.6048672802633689e+01
0.30000000000000004  9.9165787499999936e-01  -1.6100764735045360e+01
0.4  9.8791275000000167e-01  -1.6175306236812595e+01
0.5  9.8252350000000022e-01  -1.6276752919767251e+01
0.6000000000000001  9.7541487500000146e-01  -1.6407006725872062e+01
0.7000000000000001  9.6363900000000202e-01  -1.6572450553903099e+01
0.8  9.4213250000000115e-01  -1.6781170930283277e+01
0.9  8.8998287499999973e-01  -1.7049457693666223e+01
1.0  7.5943674999999955e-01  -1.7409266953621053e+01
