0.0000000000000000e+00    0.0000000000000000e+00
6.4882377309119429e-02    3.7500000000000000e-01
1.2447661733858290e-01    6.7303035236004383e-01
1.8281505369040479e-01    8.1145542376370350e-01
2.4591031890310777e-01    8.7395542376370350e-01
3.0689478638007484e-01    9.0690595862348933e-01
3.6900117145261341e-01    9.3034345862348933e-01
4.2706235166072481e-01    9.4401533362348933e-01
4.8875423825146658e-01    9.4489944844109752e-01
5.5104548613105997e-01    9.4519594212336755e-01
6.1242455420119746e-01    9.4535638109348863e-01
6.7030317001414630e-01    9.4545259091542400e-01
7.2788139560285470e-01    9.4553914236557057e-01
7.9575776361212747e-01    9.4566437373556078e-01
8.5717560176265351e-01    9.4592651140832185e-01
9.2048530109317228e-01    9.4689701377342683e-01
9.8237726085731125e-01    9.8552413378283577e-01
1.0000000000000000e+00    1.0000000000000000e+00
