0.0000000000000000e+00    0.0000000000000000e+00
1.0000000000000000e-02    6.1252453781673141e-02
2.0000000000000000e-02    1.2128202844378470e-01
3.0000000000000002e-02    1.8006440677975971e-01
4.0000000000000001e-02    2.3757527158302327e-01
4.9999999999999996e-02    2.9379030564700026e-01
6.0000000000000005e-02    3.4868519176511603e-01
6.9999999999999993e-02    4.0283222706171062e-01
8.0000000000000002e-02    4.5871201461180183e-01
8.9999999999999997e-02    5.1454540342858979e-01
9.9999999999999992e-02    5.6791514803873244e-01
1.1000000000000000e-01    6.1640400296888820e-01
1.2000000000000001e-01    6.5759472274571495e-01
1.3000000000000000e-01    6.9040447097575852e-01
1.3999999999999999e-01    7.1983469219452800e-01
1.4999999999999999e-01    7.4646658805268318e-01
1.6000000000000000e-01    7.7007812672737286e-01
1.6999999999999998e-01    7.9044727639574563e-01
1.7999999999999999e-01    8.0735200523495021e-01
1.9000000000000000e-01    8.2112389283787235e-01
1.9999999999999998e-01    8.3324699895158527e-01
2.1000000000000002e-01    8.4398500301436297e-01
2.2000000000000000e-01    8.5352196508049349e-01
2.2999999999999998e-01    8.6204194520426469e-01
2.4000000000000002e-01    8.6972900343996440e-01
2.5000000000000000e-01    8.7675112388036724e-01
2.6000000000000001e-01    8.8312201142856261e-01
2.6999999999999996e-01    8.8891309628559501e-01
2.7999999999999997e-01    8.9422449688965466e-01
2.9000000000000004e-01    8.9915633167893227e-01
2.9999999999999999e-01    9.0380871909161764e-01
3.1000000000000000e-01    9.0827923694817769e-01
3.2000000000000001e-01    9.1259241331577368e-01
3.2999999999999996e-01    9.1671373566402303e-01
3.3999999999999997e-01    9.2061071015884355e-01
3.4999999999999998e-01    9.2425084296615367e-01
3.5999999999999999e-01    9.2760164025187164e-01
3.7000000000000000e-01    9.3063404898465207e-01
3.8000000000000000e-01    9.3367360791219578e-01
3.9000000000000001e-01    9.3675760120628071e-01
3.9999999999999997e-01    9.3961115076512769e-01
4.0999999999999998e-01    9.4195937848695754e-01
4.2000000000000004e-01    9.4352740626999065e-01
4.2999999999999999e-01    9.4409284425845663e-01
4.4000000000000000e-01    9.4432062163252894e-01
4.5000000000000001e-01    9.4449956378478639e-01
4.5999999999999996e-01    9.4463873795844377e-01
4.6999999999999997e-01    9.4474721139671713e-01
4.8000000000000004e-01    9.4483405134282217e-01
4.8999999999999999e-01    9.4490827391078003e-01
5.0000000000000000e-01    9.4497334940177491e-01
5.1000000000000001e-01    9.4502926600453485e-01
5.2000000000000002e-01    9.4507757701884365e-01
5.3000000000000003e-01    9.4511983574448455e-01
5.3999999999999992e-01    9.4515759548124134e-01
5.5000000000000004e-01    9.4519240952889760e-01
5.5999999999999994e-01    9.4522495574313459e-01
5.6999999999999995e-01    9.4525472527674059e-01
5.8000000000000007e-01    9.4528198271419983e-01
5.8999999999999997e-01    9.4530700224365416e-01
5.9999999999999998e-01    9.4533005805324466e-01
6.0999999999999999e-01    9.4535142433111308e-01
6.2000000000000000e-01    9.4537113709487863e-01
6.2999999999999989e-01    9.4538902184466456e-01
6.4000000000000001e-01    9.4540555684765082e-01
6.5000000000000002e-01    9.4542124702858810e-01
6.5999999999999992e-01    9.4543659731222662e-01
6.7000000000000004e-01    9.4545211262331719e-01
6.7999999999999994e-01    9.4546747112399099e-01
6.8999999999999995e-01    9.4548218277889085e-01
6.9999999999999996e-01    9.4549665274973504e-01
7.0999999999999996e-01    9.4551128699123344e-01
7.1999999999999997e-01    9.4552649145809708e-01
7.2999999999999998e-01    9.4554261954738017e-01
7.3999999999999999e-01    9.4555859293245625e-01
7.4999999999999989e-01    9.4557437480399054e-01
7.6000000000000001e-01    9.4559068856572392e-01
7.7000000000000002e-01    9.4560825762139666e-01
7.8000000000000003e-01    9.4562780537474922e-01
7.9000000000000004e-01    9.4565005522952239e-01
7.9999999999999993e-01    9.4567567124771867e-01
8.1000000000000005e-01    9.4570502611701368e-01
8.1999999999999995e-01    9.4573912545815264e-01
8.2999999999999996e-01    9.4577910710502333e-01
8.4000000000000008e-01    9.4582610889151375e-01
8.4999999999999998e-01    9.4588126865151179e-01
8.5999999999999999e-01    9.4594568319135808e-01
8.7000000000000000e-01    9.4602193040063098e-01
8.8000000000000000e-01    9.4611809659677415e-01
8.8999999999999990e-01    9.4624321003040845e-01
9.0000000000000002e-01    9.4640629895215500e-01
9.1000000000000003e-01    9.4661639161263489e-01
9.1999999999999993e-01    9.4688251626246911e-01
9.3000000000000005e-01    9.4865880071352626e-01
9.3999999999999995e-01    9.5320465549106492e-01
9.4999999999999996e-01    9.5975594977213663e-01
9.6000000000000008e-01    9.6754448815025107e-01
9.6999999999999997e-01    9.7580207521891771e-01
9.7999999999999998e-01    9.8376051557164668e-01
9.8999999999999999e-01    9.9147388888278010e-01
1.0000000000000000e+00    1.0000000000000000e+00
