7.0710678118654746e-01    3.9274238692243673e+00    3.5928669362366263e+00
5.0000000000000000e-01    7.2234004543752670e+00    5.6343410705089765e+00
3.5355339059327373e-01    1.2293434211186652e+01    7.9890167583375735e+00
2.5000000000000000e-01    2.8318213174724203e+01    1.1506871505042570e+01
1.7677669529663687e-01    5.5591301657489900e+01    1.5421186939369807e+01
1.2500000000000000e-01    1.1272210881969549e+02    2.0228626811752918e+01
8.8388347648318433e-02    2.2497852114680018e+02    2.8558076037448799e+01
6.2500000000000000e-02    4.5054078802945344e+02    4.0156812290836406e+01
4.4194173824159216e-02    9.0389977733030764e+02    5.6425882097124116e+01
3.1250000000000000e-02    1.8059449938917014e+03    7.8980443904354118e+01
2.2097086912079608e-02    3.6112004003032571e+03    1.1886583788878329e+02
1.5625000000000000e-02    7.2429946906854429e+03    1.6886043181477785e+02
1.1048543456039804e-02    1.4461285372071336e+04    2.2555408381090544e+02
7.8125000000000000e-03    2.8854749357474044e+04    3.3349448528798433e+02
5.5242717280199020e-03    5.7811413234783278e+04    4.5600665032808882e+02
3.9062500000000000e-03    1.1610873907311927e+05    6.2209221247550067e+02
2.7621358640099510e-03    2.3214659222166202e+05    9.3867269449575178e+02
1.9531250000000000e-03    4.6300808295537229e+05    1.2428413949691549e+03
1.3810679320049755e-03    9.2284887231259199e+05    1.8348450459424985e+03
9.7656250000000000e-04    1.8416103329527718e+06    2.5869892399136602e+03
