# from exact gaussian
0.6395983900000001  6.8928025889576361e-02
1.1384851342  5.2549453049397954e-02
1.6373718784  4.6015339883226147e-02
2.1362586225999998  4.4978410764363375e-02
2.6351453668  4.4345996760448259e-02
3.134032111  4.3623604432040608e-02
3.6329188552  4.2791068422127765e-02
4.1318055994  4.1854019330132886e-02
4.6306923436  4.0819552892818578e-02
5.1295790878  3.9695436023389874e-02
5.628465832  3.8490008901478134e-02
6.1273525762  3.7212091382976098e-02
6.6262393204  3.5870883910208207e-02
7.125126064600001  3.4475864151369606e-02
7.624012808800001  3.3036680830200282e-02
8.122899553  3.1563046329257105e-02
8.6217862972  3.0064629742458493e-02
9.120673041400002  2.8550952107684324e-02
9.6195597856  2.7031285561401219e-02
10.1184465298  2.5514558119684949e-02
10.617333274000002  2.4009265701172566e-02
11.1162200182  2.2523392867547898e-02
11.6151067624  2.1064343568532706e-02
12.113993506600002  1.9638882946885872e-02
12.6128802508  1.8253090992219612e-02
13.111766994999998  1.6912328540584554e-02
13.6106537392  1.5621215810927680e-02
14.1095404834  1.4383623362038023e-02
14.608427227600002  1.3202675056373181e-02
15.1073139718  1.2080762341609486e-02
15.606200716  1.1019568917124190e-02
16.1050874602  1.0020104648891248e-02
16.6039742044  9.0827474382866313e-03
17.1028609486  8.2072916416020547e-03
17.6017476928  7.3930015785670378e-03
18.100634437  6.6386686581161314e-03
18.5995211812  5.9426706849663447e-03
19.0984079254  5.3030319855693620e-03
19.5972946696  4.7174831004497264e-03
20.0961814138  4.1835189246022253e-03
20.595068158  3.6984543307898576e-03
21.0939549022  3.2594764748008487e-03
21.5928416464  2.8636931502159513e-03
22.0917283906  2.5081767265646704e-03
22.5906151348  2.1900033634008054e-03
23.089501879  1.9062873401693992e-03
23.5883886232  1.6542104737400365e-03
24.0872753674  1.4310467105644875e-03
24.5861621116  1.2341820772245882e-03
25.0850488558  1.0611302513847676e-03
25.5839356  9.0954407493448741e-04
