# from exact gaussian
0.6395983900000001  2.3835700085927769e-01
1.2791967800000001  1.5645464246107466e-01
1.9187951700000003  1.4488990523912548e-01
2.5583935600000003  1.4143789545267893e-01
3.19799195  1.3765417381000944e-01
3.8375903399999998  1.3333464337030421e-01
4.477188730000001  1.2861278913583618e-01
5.116787120000001  1.2362647843127661e-01
5.75638551  1.1850502850246869e-01
6.3959839  1.1336471165305184e-01
7.035582290000001  1.0830648969724876e-01
7.675180680000001  1.0341556027349341e-01
8.314779070000002  9.8762190784359660e-02
8.954377460000002  9.4403324726890503e-02
9.593975850000001  9.0384560415145643e-02
10.233574240000001  8.6742253259728841e-02
10.873172630000001  8.3505624677709278e-02
11.512771020000002  8.0698847026809517e-02
12.15236941  7.8343114554449755e-02
12.7919678  7.6458719706632650e-02
13.43156619  7.5067149223123408e-02
14.071164580000001  7.4193207003812489e-02
14.710762970000001  7.3867164839992228e-02
15.350361360000003  7.4126935176749953e-02
15.989959750000002  7.5020245064990831e-02
16.62955814  7.6606757691092042e-02
17.26915653  7.8960026043134235e-02
17.908754920000003  8.2169060299897012e-02
18.548353310000003  8.6339135580228543e-02
19.187951700000003  9.1591255571202623e-02
19.82755009  9.8059434016249725e-02
20.467148480000002  1.0588471100171759e-01
21.106746870000002  1.1520469781671139e-01
21.746345260000002  1.2613763834089653e-01
22.38594365  1.3876074825876827e-01
23.02554204  1.5308417548157749e-01
23.66514043  1.6902429421090304e-01
24.30473882  1.8638263507051889e-01
24.944337210000004  2.0483830765804711e-01
25.5839356  2.2396069989433798e-01
26.223533989999996  2.4324464971240545e-01
26.86313238  2.6216317767758923e-01
27.50273077  2.8022630227004441e-01
28.142329159999996  2.9703193698533070e-01
28.78192755  3.1229787337255743e-01
29.42152594  3.2587069338094210e-01
30.061124330000002  3.3771454407156298e-01
30.700722719999998  3.4788706559877980e-01
31.34032111  3.5651054120760861e-01
31.9799195  3.6374455014676599e-01
