0.0000000000000000e+00    0.0000000000000000e+00
5.0000000000000003e-02    4.9410434580587741e-04
1.0000000000000001e-01    9.3875391377157855e-04
1.5000000000000002e-01    1.3656971295740036e-03
2.0000000000000001e-01    1.7892409434363647e-03
2.5000000000000000e-01    2.2193881818286789e-03
3.0000000000000004e-01    2.6653122558297879e-03
3.5000000000000003e-01    3.1369286697881674e-03
4.0000000000000002e-01    3.6460959109058878e-03
4.5000000000000001e-01    4.2079846594288411e-03
5.0000000000000000e-01    4.8430172896352670e-03
5.5000000000000004e-01    5.5799471065131690e-03
6.0000000000000009e-01    6.4611404886837746e-03
6.5000000000000002e-01    7.5523587252331109e-03
7.0000000000000007e-01    8.9625688842439374e-03
7.5000000000000000e-01    1.0888623397987110e-02
8.0000000000000004e-01    1.3732746501755455e-02
8.5000000000000009e-01    1.8485576901175988e-02
9.0000000000000002e-01    2.8447125419446707e-02
9.5000000000000007e-01    6.2562936455850524e-02
1.0000000000000000e+00    1.0000000000000002e+00
